data,municipio,casos_novos,obitos_novos,vacinados_novos,casos_acumulados,obitos_acumulados,vacinados_acumulados
2024-08-01,Aracaju,7,1,0,7,1,8907
2024-08-02,Aracaju,7,0,0,14,1,8907
2024-08-03,Aracaju,8,1,6,22,2,8913
2024-08-04,Aracaju,8,0,4,30,2,8917
2024-08-05,Aracaju,10,1,1,40,3,8918
2024-08-06,Aracaju,13,1,6,53,4,8924
2024-08-07,Aracaju,1,0,2,54,4,8926
2024-08-08,Aracaju,6,0,5,60,4,8931
2024-08-09,Aracaju,6,0,8,66,4,8939
2024-08-10,Aracaju,7,0,2,73,4,8941
2024-08-11,Aracaju,6,0,5,79,4,8946
2024-08-12,Aracaju,6,0,7,85,4,8953
2024-08-13,Aracaju,15,0,3,100,4,8956
2024-08-14,Aracaju,0,1,6,100,5,8962
2024-08-15,Aracaju,17,1,8,117,6,8970
2024-08-16,Aracaju,5,1,3,122,7,8973
2024-08-17,Aracaju,15,1,7,137,8,8980
2024-08-18,Aracaju,7,1,6,144,9,8986
2024-08-19,Aracaju,4,0,7,148,9,8993
2024-08-20,Aracaju,17,0,1,165,9,8994
2024-08-21,Aracaju,9,1,8,174,10,9002
2024-08-22,Aracaju,7,1,0,181,11,9002
2024-08-23,Aracaju,6,1,6,187,12,9008
2024-08-24,Aracaju,9,0,5,196,12,9013
2024-08-25,Aracaju,3,0,4,199,12,9017
2024-08-26,Aracaju,15,2,5,214,14,9022
2024-08-27,Aracaju,10,0,2,224,14,9024
2024-08-28,Aracaju,1,1,1,225,15,9025
2024-08-29,Aracaju,14,0,6,239,15,9031
2024-08-30,Aracaju,7,1,3,246,16,9034
2024-08-31,Aracaju,8,0,6,254,16,9040
2024-09-01,Aracaju,11,0,4,265,16,9044
2024-09-02,Aracaju,5,1,4,270,17,9048
2024-09-03,Aracaju,8,0,8,278,17,9056
2024-09-04,Aracaju,15,0,1,293,17,9057
2024-09-05,Aracaju,8,0,4,301,17,9061
2024-09-06,Aracaju,9,1,10,310,18,9071
2024-09-07,Aracaju,15,1,17,325,19,9088
2024-09-08,Aracaju,16,1,12,341,20,9100
2024-09-09,Aracaju,19,1,0,360,21,9100
2024-09-10,Aracaju,11,1,4,371,22,9104
2024-09-11,Aracaju,10,0,9,381,22,9113
2024-09-12,Aracaju,10,0,0,391,22,9113
2024-09-13,Aracaju,16,1,4,407,23,9117
2024-09-14,Aracaju,8,1,0,415,24,9117
2024-09-15,Aracaju,6,1,1,421,25,9118
2024-09-16,Aracaju,15,0,8,436,25,9126
2024-09-17,Aracaju,7,1,0,443,26,9126
2024-09-18,Aracaju,17,0,0,460,26,9126
2024-09-19,Aracaju,15,1,2,475,27,9128
2024-09-20,Aracaju,9,0,1,484,27,9129
2024-09-21,Aracaju,5,0,8,489,27,9137
2024-09-22,Aracaju,11,1,7,500,28,9144
2024-09-23,Aracaju,9,1,6,509,29,9150
2024-09-24,Aracaju,13,0,4,522,29,9154
2024-09-25,Aracaju,16,0,3,538,29,9157
2024-09-26,Aracaju,18,1,0,556,30,9157
2024-09-27,Aracaju,4,0,0,560,30,9157
2024-09-28,Aracaju,8,2,9,568,32,9166
2024-09-29,Aracaju,9,1,7,577,33,9173
2024-09-30,Aracaju,7,0,4,584,33,9177
2024-10-01,Aracaju,13,1,6,597,34,9183
2024-10-02,Aracaju,16,0,5,613,34,9188
2024-10-03,Aracaju,7,0,2,620,34,9190
2024-10-04,Aracaju,9,1,5,629,35,9195
2024-10-05,Aracaju,12,2,0,641,37,9195
2024-10-06,Aracaju,18,1,7,659,38,9202
2024-10-07,Aracaju,5,1,2,664,39,9204
2024-10-08,Aracaju,4,1,6,668,40,9210
2024-10-09,Aracaju,4,0,8,672,40,9218
2024-10-10,Aracaju,0,0,7,672,40,9225
2024-10-11,Aracaju,7,0,2,679,40,9227
2024-10-12,Aracaju,5,0,12,684,40,9239
2024-10-13,Aracaju,0,1,5,684,41,9244
2024-10-14,Aracaju,10,1,4,694,42,9248
2024-10-15,Aracaju,3,0,6,697,42,9254
2024-10-16,Aracaju,9,1,5,706,43,9259
2024-10-17,Aracaju,19,0,0,725,43,9259
2024-10-18,Aracaju,15,1,4,740,44,9263
2024-10-19,Aracaju,5,0,6,745,44,9269
2024-10-20,Aracaju,5,0,4,750,44,9273
2024-10-21,Aracaju,1,1,1,751,45,9274
2024-10-22,Aracaju,16,1,3,767,46,9277
2024-10-23,Aracaju,7,0,10,774,46,9287
2024-10-24,Aracaju,15,1,4,789,47,9291
2024-10-25,Aracaju,15,1,5,804,48,9296
2024-10-26,Aracaju,8,1,10,812,49,9306
2024-10-27,Aracaju,2,1,0,814,50,9306
2024-10-28,Aracaju,12,1,7,826,51,9313
2024-10-29,Aracaju,6,1,4,832,52,9317
2024-10-30,Aracaju,4,1,2,836,53,9319
2024-10-31,Aracaju,6,0,9,842,53,9328
2024-11-01,Aracaju,12,1,5,854,54,9333
2024-11-02,Aracaju,10,1,6,864,55,9339
2024-11-03,Aracaju,11,1,4,875,56,9343
2024-11-04,Aracaju,13,0,8,888,56,9351
2024-11-05,Aracaju,8,0,3,896,56,9354
2024-11-06,Aracaju,4,0,4,900,56,9358
2024-11-07,Aracaju,13,0,2,913,56,9360
2024-11-08,Aracaju,13,1,6,926,57,9366
2024-11-09,Aracaju,15,1,6,941,58,9372
2024-11-10,Aracaju,7,0,4,948,58,9376
2024-11-11,Aracaju,14,1,13,962,59,9389
2024-11-12,Aracaju,10,1,8,972,60,9397
2024-11-13,Aracaju,10,0,2,982,60,9399
2024-11-14,Aracaju,15,1,5,997,61,9404
2024-11-15,Aracaju,13,1,6,1010,62,9410
2024-11-16,Aracaju,10,1,2,1020,63,9412
2024-11-17,Aracaju,11,1,2,1031,64,9414
2024-11-18,Aracaju,16,0,3,1047,64,9417
2024-11-19,Aracaju,18,0,6,1065,64,9423
2024-11-20,Aracaju,12,1,1,1077,65,9424
2024-11-21,Aracaju,3,0,3,1080,65,9427
2024-11-22,Aracaju,0,1,4,1080,66,9431
2024-11-23,Aracaju,6,0,4,1086,66,9435
2024-11-24,Aracaju,17,1,11,1103,67,9446
2024-11-25,Aracaju,4,1,3,1107,68,9449
2024-11-26,Aracaju,6,0,0,1113,68,9449
2024-11-27,Aracaju,8,1,3,1121,69,9452
2024-11-28,Aracaju,10,1,5,1131,70,9457
2024-11-29,Aracaju,8,1,0,1139,71,9457
2024-11-30,Aracaju,2,0,9,1141,71,9466
2024-12-01,Aracaju,13,1,9,1154,72,9475
2024-12-02,Aracaju,3,0,3,1157,72,9478
2024-12-03,Aracaju,11,1,2,1168,73,9480
2024-12-04,Aracaju,10,1,10,1178,74,9490
2024-12-05,Aracaju,2,1,6,1180,75,9496
2024-12-06,Aracaju,13,1,6,1193,76,9502
2024-12-07,Aracaju,1,0,6,1194,76,9508
2024-12-08,Aracaju,16,0,6,1210,76,9514
2024-12-09,Aracaju,5,1,4,1215,77,9518
2024-12-10,Aracaju,9,0,2,1224,77,9520
2024-12-11,Aracaju,6,0,6,1230,77,9526
2024-12-12,Aracaju,17,0,2,1247,77,9528
2024-12-13,Aracaju,14,1,3,1261,78,9531
2024-12-14,Aracaju,0,0,2,1261,78,9533
2024-12-15,Aracaju,7,1,1,1268,79,9534
2024-12-16,Aracaju,4,0,6,1272,79,9540
2024-12-17,Aracaju,7,1,3,1279,80,9543
2024-12-18,Aracaju,5,1,3,1284,81,9546
2024-12-19,Aracaju,11,1,3,1295,82,9549
2024-12-20,Aracaju,6,0,5,1301,82,9554
2024-12-21,Aracaju,12,0,5,1313,82,9559
2024-12-22,Aracaju,14,0,3,1327,82,9562
2024-12-23,Aracaju,13,0,2,1340,82,9564
2024-12-24,Aracaju,6,1,7,1346,83,9571
2024-12-25,Aracaju,13,0,4,1359,83,9575
2024-12-26,Aracaju,9,0,7,1368,83,9582
2024-12-27,Aracaju,9,0,3,1377,83,9585
2024-12-28,Aracaju,8,1,9,1385,84,9594
2024-12-29,Aracaju,8,0,9,1393,84,9603
2024-12-30,Aracaju,13,0,2,1406,84,9605
2024-12-31,Aracaju,2,1,1,1408,85,9606
2025-01-01,Aracaju,9,2,5,1417,87,9611
2025-01-02,Aracaju,11,0,5,1428,87,9616
2025-01-03,Aracaju,2,0,9,1430,87,9625
2025-01-04,Aracaju,13,0,7,1443,87,9632
2025-01-05,Aracaju,17,0,5,1460,87,9637
2025-01-06,Aracaju,17,1,8,1477,88,9645
2025-01-07,Aracaju,8,0,12,1485,88,9657
2025-01-08,Aracaju,15,1,4,1500,89,9661
2025-01-09,Aracaju,3,0,2,1503,89,9663
2025-01-10,Aracaju,22,0,5,1525,89,9668
2025-01-11,Aracaju,7,0,3,1532,89,9671
2025-01-12,Aracaju,8,1,6,1540,90,9677
2025-01-13,Aracaju,13,0,4,1553,90,9681
2025-01-14,Aracaju,0,1,7,1553,91,9688
2025-01-15,Aracaju,7,1,4,1560,92,9692
2025-01-16,Aracaju,4,0,7,1564,92,9699
2025-01-17,Aracaju,16,0,3,1580,92,9702
2025-01-18,Aracaju,5,0,4,1585,92,9706
2025-01-19,Aracaju,4,0,12,1589,92,9718
2025-01-20,Aracaju,12,1,3,1601,93,9721
2025-01-21,Aracaju,3,0,4,1604,93,9725
2025-01-22,Aracaju,14,0,0,1618,93,9725
2025-01-23,Aracaju,12,1,1,1630,94,9726
2025-01-24,Aracaju,5,0,6,1635,94,9732
2025-01-25,Aracaju,11,1,5,1646,95,9737
2025-01-26,Aracaju,0,0,7,1646,95,9744
2025-01-27,Aracaju,13,0,9,1659,95,9753
2025-01-28,Aracaju,14,0,1,1673,95,9754
2025-01-29,Aracaju,11,1,0,1684,96,9754
2025-01-30,Aracaju,19,1,9,1703,97,9763
2025-01-31,Aracaju,4,1,4,1707,98,9767
2025-02-01,Aracaju,11,0,6,1718,98,9773
2025-02-02,Aracaju,12,0,1,1730,98,9774
2025-02-03,Aracaju,15,0,5,1745,98,9779
2025-02-04,Aracaju,10,0,9,1755,98,9788
2025-02-05,Aracaju,5,1,5,1760,99,9793
2025-02-06,Aracaju,6,1,8,1766,100,9801
2025-02-07,Aracaju,9,1,6,1775,101,9807
2025-02-08,Aracaju,8,1,9,1783,102,9816
2025-02-09,Aracaju,15,0,7,1798,102,9823
2025-02-10,Aracaju,14,1,1,1812,103,9824
2025-02-11,Aracaju,10,1,0,1822,104,9824
2025-02-12,Aracaju,12,0,2,1834,104,9826
2025-02-13,Aracaju,7,1,4,1841,105,9830
2025-02-14,Aracaju,9,0,3,1850,105,9833
2025-02-15,Aracaju,17,0,5,1867,105,9838
2025-02-16,Aracaju,13,0,6,1880,105,9844
2025-02-17,Aracaju,14,1,9,1894,106,9853
2025-02-18,Aracaju,15,0,8,1909,106,9861
2025-02-19,Aracaju,14,1,8,1923,107,9869
2025-02-20,Aracaju,10,1,2,1933,108,9871
2025-02-21,Aracaju,4,0,8,1937,108,9879
2025-02-22,Aracaju,6,0,7,1943,108,9886
2025-02-23,Aracaju,9,0,4,1952,108,9890
2025-02-24,Aracaju,13,1,0,1965,109,9890
2025-02-25,Aracaju,13,0,10,1978,109,9900
2025-02-26,Aracaju,14,0,8,1992,109,9908
2025-02-27,Aracaju,11,0,7,2003,109,9915
2025-02-28,Aracaju,13,0,1,2016,109,9916
2025-03-01,Aracaju,12,1,2,2028,110,9918
2025-03-02,Aracaju,10,1,6,2038,111,9924
2025-03-03,Aracaju,5,1,5,2043,112,9929
2025-03-04,Aracaju,19,0,0,2062,112,9929
2025-03-05,Aracaju,6,0,4,2068,112,9933
2025-03-06,Aracaju,1,0,7,2069,112,9940
2025-03-07,Aracaju,2,1,4,2071,113,9944
2025-03-08,Aracaju,8,0,3,2079,113,9947
2025-03-09,Aracaju,13,0,8,2092,113,9955
2025-03-10,Aracaju,20,0,5,2112,113,9960
2025-03-11,Aracaju,7,0,4,2119,113,9964
2025-03-12,Aracaju,3,1,6,2122,114,9970
2025-03-13,Aracaju,9,1,6,2131,115,9976
2025-03-14,Aracaju,19,0,8,2150,115,9984
2025-03-15,Aracaju,5,0,9,2155,115,9993
2025-03-16,Aracaju,5,0,13,2160,115,10006
2025-03-17,Aracaju,7,0,7,2167,115,10013
2025-03-18,Aracaju,12,0,6,2179,115,10019
2025-03-19,Aracaju,2,1,4,2181,116,10023
2025-03-20,Aracaju,1,1,10,2182,117,10033
2025-03-21,Aracaju,15,1,2,2197,118,10035
2025-03-22,Aracaju,15,0,5,2212,118,10040
2025-03-23,Aracaju,9,1,1,2221,119,10041
2025-03-24,Aracaju,9,1,7,2230,120,10048
2025-03-25,Aracaju,12,1,3,2242,121,10051
2025-03-26,Aracaju,19,1,10,2261,122,10061
2025-03-27,Aracaju,11,1,4,2272,123,10065
2025-03-28,Aracaju,6,1,10,2278,124,10075
2025-03-29,Aracaju,6,2,6,2284,126,10081
2025-03-30,Aracaju,15,0,4,2299,126,10085
2025-03-31,Aracaju,12,0,3,2311,126,10088
2025-04-01,Aracaju,6,0,10,2317,126,10098
2025-04-02,Aracaju,12,1,0,2329,127,10098
2025-04-03,Aracaju,11,0,5,2340,127,10103
2025-04-04,Aracaju,12,1,4,2352,128,10107
2025-04-05,Aracaju,0,1,5,2352,129,10112
2025-04-06,Aracaju,13,0,2,2365,129,10114
2025-04-07,Aracaju,1,1,6,2366,130,10120
2025-04-08,Aracaju,5,1,4,2371,131,10124
2025-04-09,Aracaju,3,0,5,2374,131,10129
2025-04-10,Aracaju,20,1,10,2394,132,10139
2025-04-11,Aracaju,11,0,4,2405,132,10143
2025-04-12,Aracaju,10,1,6,2415,133,10149
2025-04-13,Aracaju,14,0,3,2429,133,10152
2025-04-14,Aracaju,13,0,9,2442,133,10161
2025-04-15,Aracaju,11,1,7,2453,134,10168
2025-04-16,Aracaju,6,0,1,2459,134,10169
2025-04-17,Aracaju,9,0,7,2468,134,10176
2025-04-18,Aracaju,7,1,5,2475,135,10181
2025-04-19,Aracaju,6,0,0,2481,135,10181
2025-04-20,Aracaju,11,0,6,2492,135,10187
2025-04-21,Aracaju,0,1,0,2492,136,10187
2025-04-22,Aracaju,7,1,9,2499,137,10196
2025-04-23,Aracaju,9,0,2,2508,137,10198
2025-04-24,Aracaju,20,0,6,2528,137,10204
2025-04-25,Aracaju,18,0,4,2546,137,10208
2025-04-26,Aracaju,11,2,5,2557,139,10213
2025-04-27,Aracaju,13,1,4,2570,140,10217
2025-04-28,Aracaju,16,1,1,2586,141,10218
2025-04-29,Aracaju,10,0,6,2596,141,10224
2025-04-30,Aracaju,7,0,4,2603,141,10228
2025-05-01,Aracaju,8,0,6,2611,141,10234
2025-05-02,Aracaju,5,0,7,2616,141,10241
2025-05-03,Aracaju,7,0,5,2623,141,10246
2025-05-04,Aracaju,0,0,8,2623,141,10254
2025-05-05,Aracaju,16,1,8,2639,142,10262
2025-05-06,Aracaju,9,1,12,2648,143,10274
2025-05-07,Aracaju,0,0,7,2648,143,10281
2025-05-08,Aracaju,9,1,4,2657,144,10285
2025-05-09,Aracaju,11,1,5,2668,145,10290
2025-05-10,Aracaju,9,0,7,2677,145,10297
2025-05-11,Aracaju,14,0,1,2691,145,10298
2025-05-12,Aracaju,6,0,0,2697,145,10298
2025-05-13,Aracaju,4,0,6,2701,145,10304
2025-05-14,Aracaju,12,0,6,2713,145,10310
2025-05-15,Aracaju,12,1,0,2725,146,10310
2025-05-16,Aracaju,16,1,3,2741,147,10313
2025-05-17,Aracaju,25,0,0,2766,147,10313
2025-05-18,Aracaju,7,1,9,2773,148,10322
2025-05-19,Aracaju,4,1,2,2777,149,10324
2025-05-20,Aracaju,7,0,7,2784,149,10331
2025-05-21,Aracaju,14,0,2,2798,149,10333
2025-05-22,Aracaju,23,1,5,2821,150,10338
2025-05-23,Aracaju,10,0,0,2831,150,10338
2025-05-24,Aracaju,9,0,4,2840,150,10342
2025-05-25,Aracaju,0,0,5,2840,150,10347
2025-05-26,Aracaju,1,0,7,2841,150,10354
2025-05-27,Aracaju,11,1,2,2852,151,10356
2025-05-28,Aracaju,5,0,4,2857,151,10360
2025-05-29,Aracaju,21,1,5,2878,152,10365
2025-05-30,Aracaju,3,1,6,2881,153,10371
2025-05-31,Aracaju,7,0,0,2888,153,10371
2025-06-01,Aracaju,15,0,8,2903,153,10379
2025-06-02,Aracaju,6,0,0,2909,153,10379
2025-06-03,Aracaju,7,0,3,2916,153,10382
2025-06-04,Aracaju,8,1,4,2924,154,10386
2025-06-05,Aracaju,20,0,6,2944,154,10392
2025-06-06,Aracaju,16,1,5,2960,155,10397
2025-06-07,Aracaju,19,1,2,2979,156,10399
2025-06-08,Aracaju,5,0,2,2984,156,10401
2025-06-09,Aracaju,0,1,3,2984,157,10404
2025-06-10,Aracaju,0,1,3,2984,158,10407
2025-06-11,Aracaju,19,1,0,3003,159,10407
2025-06-12,Aracaju,0,1,4,3003,160,10411
2025-06-13,Aracaju,16,0,6,3019,160,10417
2025-06-14,Aracaju,9,0,10,3028,160,10427
2025-06-15,Aracaju,2,0,5,3030,160,10432
2025-06-16,Aracaju,1,0,2,3031,160,10434
2025-06-17,Aracaju,3,0,0,3034,160,10434
2025-06-18,Aracaju,8,1,4,3042,161,10438
2025-06-19,Aracaju,19,0,5,3061,161,10443
2025-06-20,Aracaju,12,0,0,3073,161,10443
2025-06-21,Aracaju,17,0,3,3090,161,10446
2025-06-22,Aracaju,13,0,0,3103,161,10446
2025-06-23,Aracaju,5,1,5,3108,162,10451
2025-06-24,Aracaju,8,0,2,3116,162,10453
2025-06-25,Aracaju,7,1,4,3123,163,10457
2025-06-26,Aracaju,1,1,11,3124,164,10468
2025-06-27,Aracaju,12,1,0,3136,165,10468
2025-06-28,Aracaju,12,0,2,3148,165,10470
2025-06-29,Aracaju,0,0,4,3148,165,10474
2025-06-30,Aracaju,9,0,5,3157,165,10479
2025-07-01,Aracaju,3,1,5,3160,166,10484
2025-07-02,Aracaju,12,0,0,3172,166,10484
2025-07-03,Aracaju,11,0,6,3183,166,10490
2025-07-04,Aracaju,6,0,4,3189,166,10494
2025-07-05,Aracaju,6,1,0,3195,167,10494
2025-07-06,Aracaju,8,1,7,3203,168,10501
2025-07-07,Aracaju,7,1,8,3210,169,10509
2025-07-08,Aracaju,10,0,10,3220,169,10519
2025-07-09,Aracaju,7,0,4,3227,169,10523
2025-07-10,Aracaju,20,0,5,3247,169,10528
2025-07-11,Aracaju,11,0,5,3258,169,10533
2025-07-12,Aracaju,7,0,9,3265,169,10542
2025-07-13,Aracaju,12,1,7,3277,170,10549
2025-07-14,Aracaju,6,1,1,3283,171,10550
2025-07-15,Aracaju,12,0,8,3295,171,10558
2025-07-16,Aracaju,8,0,3,3303,171,10561
2025-07-17,Aracaju,12,1,5,3315,172,10566
2025-07-18,Aracaju,8,0,2,3323,172,10568
2025-07-19,Aracaju,17,1,4,3340,173,10572
2025-07-20,Aracaju,19,0,6,3359,173,10578
2025-07-21,Aracaju,7,1,3,3366,174,10581
2025-07-22,Aracaju,5,0,2,3371,174,10583
2025-07-23,Aracaju,9,0,5,3380,174,10588
2025-07-24,Aracaju,17,0,3,3397,174,10591
2025-07-25,Aracaju,8,0,2,3405,174,10593
2025-07-26,Aracaju,12,1,6,3417,175,10599
2025-07-27,Aracaju,12,0,3,3429,175,10602
2025-07-28,Aracaju,21,1,0,3450,176,10602
2025-07-29,Aracaju,7,1,0,3457,177,10602
2025-07-30,Aracaju,10,0,3,3467,177,10605
2025-07-31,Aracaju,13,1,6,3480,178,10611
2024-08-01,Nossa Senhora do Socorro,12,1,3,12,1,13647
2024-08-02,Nossa Senhora do Socorro,9,0,0,21,1,13647
2024-08-03,Nossa Senhora do Socorro,14,1,10,35,2,13657
2024-08-04,Nossa Senhora do Socorro,6,0,4,41,2,13661
2024-08-05,Nossa Senhora do Socorro,6,1,7,47,3,13668
2024-08-06,Nossa Senhora do Socorro,3,1,6,50,4,13674
2024-08-07,Nossa Senhora do Socorro,2,1,3,52,5,13677
2024-08-08,Nossa Senhora do Socorro,10,0,5,62,5,13682
2024-08-09,Nossa Senhora do Socorro,9,1,1,71,6,13683
2024-08-10,Nossa Senhora do Socorro,16,0,4,87,6,13687
2024-08-11,Nossa Senhora do Socorro,9,0,10,96,6,13697
2024-08-12,Nossa Senhora do Socorro,9,0,0,105,6,13697
2024-08-13,Nossa Senhora do Socorro,15,1,7,120,7,13704
2024-08-14,Nossa Senhora do Socorro,15,0,0,135,7,13704
2024-08-15,Nossa Senhora do Socorro,13,0,3,148,7,13707
2024-08-16,Nossa Senhora do Socorro,11,1,3,159,8,13710
2024-08-17,Nossa Senhora do Socorro,4,0,3,163,8,13713
2024-08-18,Nossa Senhora do Socorro,5,1,4,168,9,13717
2024-08-19,Nossa Senhora do Socorro,11,0,6,179,9,13723
2024-08-20,Nossa Senhora do Socorro,14,1,6,193,10,13729
2024-08-21,Nossa Senhora do Socorro,3,1,8,196,11,13737
2024-08-22,Nossa Senhora do Socorro,16,0,5,212,11,13742
2024-08-23,Nossa Senhora do Socorro,7,0,6,219,11,13748
2024-08-24,Nossa Senhora do Socorro,8,0,8,227,11,13756
2024-08-25,Nossa Senhora do Socorro,13,2,6,240,13,13762
2024-08-26,Nossa Senhora do Socorro,15,2,6,255,15,13768
2024-08-27,Nossa Senhora do Socorro,6,2,0,261,17,13768
2024-08-28,Nossa Senhora do Socorro,3,0,6,264,17,13774
2024-08-29,Nossa Senhora do Socorro,12,1,5,276,18,13779
2024-08-30,Nossa Senhora do Socorro,5,1,6,281,19,13785
2024-08-31,Nossa Senhora do Socorro,0,0,4,281,19,13789
2024-09-01,Nossa Senhora do Socorro,7,1,7,288,20,13796
2024-09-02,Nossa Senhora do Socorro,0,1,2,288,21,13798
2024-09-03,Nossa Senhora do Socorro,3,0,1,291,21,13799
2024-09-04,Nossa Senhora do Socorro,13,0,4,304,21,13803
2024-09-05,Nossa Senhora do Socorro,11,1,0,315,22,13803
2024-09-06,Nossa Senhora do Socorro,7,0,2,322,22,13805
2024-09-07,Nossa Senhora do Socorro,7,0,2,329,22,13807
2024-09-08,Nossa Senhora do Socorro,12,1,8,341,23,13815
2024-09-09,Nossa Senhora do Socorro,12,0,3,353,23,13818
2024-09-10,Nossa Senhora do Socorro,9,0,0,362,23,13818
2024-09-11,Nossa Senhora do Socorro,11,1,6,373,24,13824
2024-09-12,Nossa Senhora do Socorro,11,0,2,384,24,13826
2024-09-13,Nossa Senhora do Socorro,12,1,8,396,25,13834
2024-09-14,Nossa Senhora do Socorro,10,1,5,406,26,13839
2024-09-15,Nossa Senhora do Socorro,11,1,4,417,27,13843
2024-09-16,Nossa Senhora do Socorro,11,0,7,428,27,13850
2024-09-17,Nossa Senhora do Socorro,0,0,5,428,27,13855
2024-09-18,Nossa Senhora do Socorro,15,0,3,443,27,13858
2024-09-19,Nossa Senhora do Socorro,6,0,2,449,27,13860
2024-09-20,Nossa Senhora do Socorro,4,1,9,453,28,13869
2024-09-21,Nossa Senhora do Socorro,11,1,4,464,29,13873
2024-09-22,Nossa Senhora do Socorro,14,1,7,478,30,13880
2024-09-23,Nossa Senhora do Socorro,10,0,4,488,30,13884
2024-09-24,Nossa Senhora do Socorro,8,1,1,496,31,13885
2024-09-25,Nossa Senhora do Socorro,11,0,6,507,31,13891
2024-09-26,Nossa Senhora do Socorro,5,1,7,512,32,13898
2024-09-27,Nossa Senhora do Socorro,13,1,0,525,33,13898
2024-09-28,Nossa Senhora do Socorro,17,0,3,542,33,13901
2024-09-29,Nossa Senhora do Socorro,9,0,5,551,33,13906
2024-09-30,Nossa Senhora do Socorro,14,0,1,565,33,13907
2024-10-01,Nossa Senhora do Socorro,18,0,7,583,33,13914
2024-10-02,Nossa Senhora do Socorro,5,0,2,588,33,13916
2024-10-03,Nossa Senhora do Socorro,8,0,5,596,33,13921
2024-10-04,Nossa Senhora do Socorro,4,1,1,600,34,13922
2024-10-05,Nossa Senhora do Socorro,3,1,4,603,35,13926
2024-10-06,Nossa Senhora do Socorro,5,1,2,608,36,13928
2024-10-07,Nossa Senhora do Socorro,18,0,3,626,36,13931
2024-10-08,Nossa Senhora do Socorro,16,0,1,642,36,13932
2024-10-09,Nossa Senhora do Socorro,3,1,2,645,37,13934
2024-10-10,Nossa Senhora do Socorro,10,0,3,655,37,13937
2024-10-11,Nossa Senhora do Socorro,10,1,2,665,38,13939
2024-10-12,Nossa Senhora do Socorro,12,0,11,677,38,13950
2024-10-13,Nossa Senhora do Socorro,10,1,7,687,39,13957
2024-10-14,Nossa Senhora do Socorro,4,0,4,691,39,13961
2024-10-15,Nossa Senhora do Socorro,7,1,3,698,40,13964
2024-10-16,Nossa Senhora do Socorro,9,0,8,707,40,13972
2024-10-17,Nossa Senhora do Socorro,3,0,11,710,40,13983
2024-10-18,Nossa Senhora do Socorro,13,1,0,723,41,13983
2024-10-19,Nossa Senhora do Socorro,14,1,0,737,42,13983
2024-10-20,Nossa Senhora do Socorro,7,1,12,744,43,13995
2024-10-21,Nossa Senhora do Socorro,7,0,1,751,43,13996
2024-10-22,Nossa Senhora do Socorro,0,0,9,751,43,14005
2024-10-23,Nossa Senhora do Socorro,7,1,3,758,44,14008
2024-10-24,Nossa Senhora do Socorro,11,0,5,769,44,14013
2024-10-25,Nossa Senhora do Socorro,10,1,9,779,45,14022
2024-10-26,Nossa Senhora do Socorro,0,1,5,779,46,14027
2024-10-27,Nossa Senhora do Socorro,15,0,0,794,46,14027
2024-10-28,Nossa Senhora do Socorro,9,2,0,803,48,14027
2024-10-29,Nossa Senhora do Socorro,13,0,6,816,48,14033
2024-10-30,Nossa Senhora do Socorro,7,0,4,823,48,14037
2024-10-31,Nossa Senhora do Socorro,1,1,4,824,49,14041
2024-11-01,Nossa Senhora do Socorro,7,0,2,831,49,14043
2024-11-02,Nossa Senhora do Socorro,11,0,5,842,49,14048
2024-11-03,Nossa Senhora do Socorro,15,0,4,857,49,14052
2024-11-04,Nossa Senhora do Socorro,4,1,1,861,50,14053
2024-11-05,Nossa Senhora do Socorro,14,0,9,875,50,14062
2024-11-06,Nossa Senhora do Socorro,8,1,4,883,51,14066
2024-11-07,Nossa Senhora do Socorro,1,1,0,884,52,14066
2024-11-08,Nossa Senhora do Socorro,0,1,5,884,53,14071
2024-11-09,Nossa Senhora do Socorro,2,1,7,886,54,14078
2024-11-10,Nossa Senhora do Socorro,10,0,0,896,54,14078
2024-11-11,Nossa Senhora do Socorro,3,0,8,899,54,14086
2024-11-12,Nossa Senhora do Socorro,10,0,1,909,54,14087
2024-11-13,Nossa Senhora do Socorro,15,0,3,924,54,14090
2024-11-14,Nossa Senhora do Socorro,13,0,1,937,54,14091
2024-11-15,Nossa Senhora do Socorro,11,1,6,948,55,14097
2024-11-16,Nossa Senhora do Socorro,11,1,7,959,56,14104
2024-11-17,Nossa Senhora do Socorro,7,1,4,966,57,14108
2024-11-18,Nossa Senhora do Socorro,7,0,3,973,57,14111
2024-11-19,Nossa Senhora do Socorro,15,1,5,988,58,14116
2024-11-20,Nossa Senhora do Socorro,14,0,4,1002,58,14120
2024-11-21,Nossa Senhora do Socorro,9,0,2,1011,58,14122
2024-11-22,Nossa Senhora do Socorro,21,0,2,1032,58,14124
2024-11-23,Nossa Senhora do Socorro,8,0,10,1040,58,14134
2024-11-24,Nossa Senhora do Socorro,9,1,8,1049,59,14142
2024-11-25,Nossa Senhora do Socorro,19,1,6,1068,60,14148
2024-11-26,Nossa Senhora do Socorro,15,0,11,1083,60,14159
2024-11-27,Nossa Senhora do Socorro,3,0,2,1086,60,14161
2024-11-28,Nossa Senhora do Socorro,9,1,3,1095,61,14164
2024-11-29,Nossa Senhora do Socorro,7,1,8,1102,62,14172
2024-11-30,Nossa Senhora do Socorro,5,0,1,1107,62,14173
2024-12-01,Nossa Senhora do Socorro,9,2,1,1116,64,14174
2024-12-02,Nossa Senhora do Socorro,6,0,3,1122,64,14177
2024-12-03,Nossa Senhora do Socorro,5,1,2,1127,65,14179
2024-12-04,Nossa Senhora do Socorro,11,1,4,1138,66,14183
2024-12-05,Nossa Senhora do Socorro,10,1,2,1148,67,14185
2024-12-06,Nossa Senhora do Socorro,0,1,5,1148,68,14190
2024-12-07,Nossa Senhora do Socorro,15,2,4,1163,70,14194
2024-12-08,Nossa Senhora do Socorro,22,0,9,1185,70,14203
2024-12-09,Nossa Senhora do Socorro,10,1,4,1195,71,14207
2024-12-10,Nossa Senhora do Socorro,9,0,1,1204,71,14208
2024-12-11,Nossa Senhora do Socorro,3,0,5,1207,71,14213
2024-12-12,Nossa Senhora do Socorro,15,0,3,1222,71,14216
2024-12-13,Nossa Senhora do Socorro,10,1,2,1232,72,14218
2024-12-14,Nossa Senhora do Socorro,10,0,4,1242,72,14222
2024-12-15,Nossa Senhora do Socorro,13,1,2,1255,73,14224
2024-12-16,Nossa Senhora do Socorro,13,1,4,1268,74,14228
2024-12-17,Nossa Senhora do Socorro,7,1,5,1275,75,14233
2024-12-18,Nossa Senhora do Socorro,10,0,6,1285,75,14239
2024-12-19,Nossa Senhora do Socorro,13,1,3,1298,76,14242
2024-12-20,Nossa Senhora do Socorro,13,0,6,1311,76,14248
2024-12-21,Nossa Senhora do Socorro,12,1,1,1323,77,14249
2024-12-22,Nossa Senhora do Socorro,16,0,9,1339,77,14258
2024-12-23,Nossa Senhora do Socorro,13,1,12,1352,78,14270
2024-12-24,Nossa Senhora do Socorro,11,0,7,1363,78,14277
2024-12-25,Nossa Senhora do Socorro,13,1,2,1376,79,14279
2024-12-26,Nossa Senhora do Socorro,14,0,7,1390,79,14286
2024-12-27,Nossa Senhora do Socorro,9,0,2,1399,79,14288
2024-12-28,Nossa Senhora do Socorro,7,1,5,1406,80,14293
2024-12-29,Nossa Senhora do Socorro,12,1,3,1418,81,14296
2024-12-30,Nossa Senhora do Socorro,3,0,6,1421,81,14302
2024-12-31,Nossa Senhora do Socorro,9,1,4,1430,82,14306
2025-01-01,Nossa Senhora do Socorro,7,0,1,1437,82,14307
2025-01-02,Nossa Senhora do Socorro,8,2,7,1445,84,14314
2025-01-03,Nossa Senhora do Socorro,16,0,7,1461,84,14321
2025-01-04,Nossa Senhora do Socorro,7,0,2,1468,84,14323
2025-01-05,Nossa Senhora do Socorro,16,0,7,1484,84,14330
2025-01-06,Nossa Senhora do Socorro,10,0,6,1494,84,14336
2025-01-07,Nossa Senhora do Socorro,0,1,1,1494,85,14337
2025-01-08,Nossa Senhora do Socorro,6,0,2,1500,85,14339
2025-01-09,Nossa Senhora do Socorro,8,2,4,1508,87,14343
2025-01-10,Nossa Senhora do Socorro,10,1,3,1518,88,14346
2025-01-11,Nossa Senhora do Socorro,15,0,3,1533,88,14349
2025-01-12,Nossa Senhora do Socorro,4,1,7,1537,89,14356
2025-01-13,Nossa Senhora do Socorro,20,1,7,1557,90,14363
2025-01-14,Nossa Senhora do Socorro,14,1,7,1571,91,14370
2025-01-15,Nossa Senhora do Socorro,11,1,3,1582,92,14373
2025-01-16,Nossa Senhora do Socorro,5,0,4,1587,92,14377
2025-01-17,Nossa Senhora do Socorro,5,1,2,1592,93,14379
2025-01-18,Nossa Senhora do Socorro,13,0,3,1605,93,14382
2025-01-19,Nossa Senhora do Socorro,9,1,7,1614,94,14389
2025-01-20,Nossa Senhora do Socorro,15,1,9,1629,95,14398
2025-01-21,Nossa Senhora do Socorro,7,0,3,1636,95,14401
2025-01-22,Nossa Senhora do Socorro,3,1,0,1639,96,14401
2025-01-23,Nossa Senhora do Socorro,11,1,5,1650,97,14406
2025-01-24,Nossa Senhora do Socorro,6,0,2,1656,97,14408
2025-01-25,Nossa Senhora do Socorro,10,0,4,1666,97,14412
2025-01-26,Nossa Senhora do Socorro,11,0,3,1677,97,14415
2025-01-27,Nossa Senhora do Socorro,16,1,2,1693,98,14417
2025-01-28,Nossa Senhora do Socorro,8,1,0,1701,99,14417
2025-01-29,Nossa Senhora do Socorro,11,1,7,1712,100,14424
2025-01-30,Nossa Senhora do Socorro,16,0,7,1728,100,14431
2025-01-31,Nossa Senhora do Socorro,0,1,5,1728,101,14436
2025-02-01,Nossa Senhora do Socorro,11,1,6,1739,102,14442
2025-02-02,Nossa Senhora do Socorro,9,1,8,1748,103,14450
2025-02-03,Nossa Senhora do Socorro,10,0,3,1758,103,14453
2025-02-04,Nossa Senhora do Socorro,6,0,3,1764,103,14456
2025-02-05,Nossa Senhora do Socorro,8,0,2,1772,103,14458
2025-02-06,Nossa Senhora do Socorro,10,0,3,1782,103,14461
2025-02-07,Nossa Senhora do Socorro,8,1,12,1790,104,14473
2025-02-08,Nossa Senhora do Socorro,9,0,2,1799,104,14475
2025-02-09,Nossa Senhora do Socorro,6,1,8,1805,105,14483
2025-02-10,Nossa Senhora do Socorro,15,1,7,1820,106,14490
2025-02-11,Nossa Senhora do Socorro,7,0,7,1827,106,14497
2025-02-12,Nossa Senhora do Socorro,9,1,7,1836,107,14504
2025-02-13,Nossa Senhora do Socorro,7,1,1,1843,108,14505
2025-02-14,Nossa Senhora do Socorro,7,0,6,1850,108,14511
2025-02-15,Nossa Senhora do Socorro,9,0,3,1859,108,14514
2025-02-16,Nossa Senhora do Socorro,6,0,2,1865,108,14516
2025-02-17,Nossa Senhora do Socorro,6,1,6,1871,109,14522
2025-02-18,Nossa Senhora do Socorro,13,1,2,1884,110,14524
2025-02-19,Nossa Senhora do Socorro,4,2,5,1888,112,14529
2025-02-20,Nossa Senhora do Socorro,10,1,9,1898,113,14538
2025-02-21,Nossa Senhora do Socorro,8,1,7,1906,114,14545
2025-02-22,Nossa Senhora do Socorro,3,1,2,1909,115,14547
2025-02-23,Nossa Senhora do Socorro,0,0,1,1909,115,14548
2025-02-24,Nossa Senhora do Socorro,2,1,4,1911,116,14552
2025-02-25,Nossa Senhora do Socorro,12,1,6,1923,117,14558
2025-02-26,Nossa Senhora do Socorro,2,0,3,1925,117,14561
2025-02-27,Nossa Senhora do Socorro,11,1,8,1936,118,14569
2025-02-28,Nossa Senhora do Socorro,10,1,3,1946,119,14572
2025-03-01,Nossa Senhora do Socorro,4,1,3,1950,120,14575
2025-03-02,Nossa Senhora do Socorro,5,0,2,1955,120,14577
2025-03-03,Nossa Senhora do Socorro,8,0,10,1963,120,14587
2025-03-04,Nossa Senhora do Socorro,9,1,1,1972,121,14588
2025-03-05,Nossa Senhora do Socorro,9,1,4,1981,122,14592
2025-03-06,Nossa Senhora do Socorro,4,0,5,1985,122,14597
2025-03-07,Nossa Senhora do Socorro,9,1,8,1994,123,14605
2025-03-08,Nossa Senhora do Socorro,11,1,6,2005,124,14611
2025-03-09,Nossa Senhora do Socorro,10,1,6,2015,125,14617
2025-03-10,Nossa Senhora do Socorro,8,1,10,2023,126,14627
2025-03-11,Nossa Senhora do Socorro,18,1,3,2041,127,14630
2025-03-12,Nossa Senhora do Socorro,13,1,5,2054,128,14635
2025-03-13,Nossa Senhora do Socorro,13,1,1,2067,129,14636
2025-03-14,Nossa Senhora do Socorro,17,1,9,2084,130,14645
2025-03-15,Nossa Senhora do Socorro,12,0,3,2096,130,14648
2025-03-16,Nossa Senhora do Socorro,7,1,5,2103,131,14653
2025-03-17,Nossa Senhora do Socorro,1,1,5,2104,132,14658
2025-03-18,Nossa Senhora do Socorro,15,1,3,2119,133,14661
2025-03-19,Nossa Senhora do Socorro,6,0,4,2125,133,14665
2025-03-20,Nossa Senhora do Socorro,5,0,6,2130,133,14671
2025-03-21,Nossa Senhora do Socorro,15,0,3,2145,133,14674
2025-03-22,Nossa Senhora do Socorro,15,1,4,2160,134,14678
2025-03-23,Nossa Senhora do Socorro,11,0,6,2171,134,14684
2025-03-24,Nossa Senhora do Socorro,14,1,2,2185,135,14686
2025-03-25,Nossa Senhora do Socorro,16,1,5,2201,136,14691
2025-03-26,Nossa Senhora do Socorro,16,0,8,2217,136,14699
2025-03-27,Nossa Senhora do Socorro,18,0,6,2235,136,14705
2025-03-28,Nossa Senhora do Socorro,11,1,3,2246,137,14708
2025-03-29,Nossa Senhora do Socorro,10,1,11,2256,138,14719
2025-03-30,Nossa Senhora do Socorro,4,0,8,2260,138,14727
2025-03-31,Nossa Senhora do Socorro,6,0,1,2266,138,14728
2025-04-01,Nossa Senhora do Socorro,4,0,2,2270,138,14730
2025-04-02,Nossa Senhora do Socorro,3,1,3,2273,139,14733
2025-04-03,Nossa Senhora do Socorro,8,0,9,2281,139,14742
2025-04-04,Nossa Senhora do Socorro,7,1,5,2288,140,14747
2025-04-05,Nossa Senhora do Socorro,5,0,5,2293,140,14752
2025-04-06,Nossa Senhora do Socorro,16,0,9,2309,140,14761
2025-04-07,Nossa Senhora do Socorro,4,1,12,2313,141,14773
2025-04-08,Nossa Senhora do Socorro,10,0,6,2323,141,14779
2025-04-09,Nossa Senhora do Socorro,8,1,6,2331,142,14785
2025-04-10,Nossa Senhora do Socorro,19,1,0,2350,143,14785
2025-04-11,Nossa Senhora do Socorro,8,1,8,2358,144,14793
2025-04-12,Nossa Senhora do Socorro,10,0,4,2368,144,14797
2025-04-13,Nossa Senhora do Socorro,14,0,2,2382,144,14799
2025-04-14,Nossa Senhora do Socorro,8,0,0,2390,144,14799
2025-04-15,Nossa Senhora do Socorro,10,1,12,2400,145,14811
2025-04-16,Nossa Senhora do Socorro,10,1,8,2410,146,14819
2025-04-17,Nossa Senhora do Socorro,13,0,5,2423,146,14824
2025-04-18,Nossa Senhora do Socorro,15,0,9,2438,146,14833
2025-04-19,Nossa Senhora do Socorro,1,0,7,2439,146,14840
2025-04-20,Nossa Senhora do Socorro,11,0,8,2450,146,14848
2025-04-21,Nossa Senhora do Socorro,10,0,5,2460,146,14853
2025-04-22,Nossa Senhora do Socorro,6,1,4,2466,147,14857
2025-04-23,Nossa Senhora do Socorro,11,1,8,2477,148,14865
2025-04-24,Nossa Senhora do Socorro,13,0,2,2490,148,14867
2025-04-25,Nossa Senhora do Socorro,8,1,5,2498,149,14872
2025-04-26,Nossa Senhora do Socorro,16,1,3,2514,150,14875
2025-04-27,Nossa Senhora do Socorro,1,0,4,2515,150,14879
2025-04-28,Nossa Senhora do Socorro,11,0,7,2526,150,14886
2025-04-29,Nossa Senhora do Socorro,11,0,4,2537,150,14890
2025-04-30,Nossa Senhora do Socorro,12,0,1,2549,150,14891
2025-05-01,Nossa Senhora do Socorro,6,1,3,2555,151,14894
2025-05-02,Nossa Senhora do Socorro,3,0,4,2558,151,14898
2025-05-03,Nossa Senhora do Socorro,11,0,3,2569,151,14901
2025-05-04,Nossa Senhora do Socorro,12,0,6,2581,151,14907
2025-05-05,Nossa Senhora do Socorro,1,1,3,2582,152,14910
2025-05-06,Nossa Senhora do Socorro,9,1,8,2591,153,14918
2025-05-07,Nossa Senhora do Socorro,16,0,7,2607,153,14925
2025-05-08,Nossa Senhora do Socorro,8,1,6,2615,154,14931
2025-05-09,Nossa Senhora do Socorro,11,1,5,2626,155,14936
2025-05-10,Nossa Senhora do Socorro,1,0,2,2627,155,14938
2025-05-11,Nossa Senhora do Socorro,15,0,2,2642,155,14940
2025-05-12,Nossa Senhora do Socorro,10,1,7,2652,156,14947
2025-05-13,Nossa Senhora do Socorro,12,1,3,2664,157,14950
2025-05-14,Nossa Senhora do Socorro,0,0,8,2664,157,14958
2025-05-15,Nossa Senhora do Socorro,10,0,1,2674,157,14959
2025-05-16,Nossa Senhora do Socorro,13,0,9,2687,157,14968
2025-05-17,Nossa Senhora do Socorro,15,0,0,2702,157,14968
2025-05-18,Nossa Senhora do Socorro,9,0,5,2711,157,14973
2025-05-19,Nossa Senhora do Socorro,1,0,5,2712,157,14978
2025-05-20,Nossa Senhora do Socorro,11,1,4,2723,158,14982
2025-05-21,Nossa Senhora do Socorro,16,0,0,2739,158,14982
2025-05-22,Nossa Senhora do Socorro,12,0,7,2751,158,14989
2025-05-23,Nossa Senhora do Socorro,7,0,2,2758,158,14991
2025-05-24,Nossa Senhora do Socorro,12,0,6,2770,158,14997
2025-05-25,Nossa Senhora do Socorro,7,0,7,2777,158,15004
2025-05-26,Nossa Senhora do Socorro,15,1,0,2792,159,15004
2025-05-27,Nossa Senhora do Socorro,17,1,7,2809,160,15011
2025-05-28,Nossa Senhora do Socorro,6,0,2,2815,160,15013
2025-05-29,Nossa Senhora do Socorro,13,1,1,2828,161,15014
2025-05-30,Nossa Senhora do Socorro,7,1,5,2835,162,15019
2025-05-31,Nossa Senhora do Socorro,0,1,11,2835,163,15030
2025-06-01,Nossa Senhora do Socorro,17,1,3,2852,164,15033
2025-06-02,Nossa Senhora do Socorro,10,0,3,2862,164,15036
2025-06-03,Nossa Senhora do Socorro,15,0,3,2877,164,15039
2025-06-04,Nossa Senhora do Socorro,17,0,1,2894,164,15040
2025-06-05,Nossa Senhora do Socorro,20,1,3,2914,165,15043
2025-06-06,Nossa Senhora do Socorro,17,0,7,2931,165,15050
2025-06-07,Nossa Senhora do Socorro,6,0,4,2937,165,15054
2025-06-08,Nossa Senhora do Socorro,15,0,2,2952,165,15056
2025-06-09,Nossa Senhora do Socorro,16,0,6,2968,165,15062
2025-06-10,Nossa Senhora do Socorro,2,1,7,2970,166,15069
2025-06-11,Nossa Senhora do Socorro,3,1,0,2973,167,15069
2025-06-12,Nossa Senhora do Socorro,8,1,0,2981,168,15069
2025-06-13,Nossa Senhora do Socorro,8,1,0,2989,169,15069
2025-06-14,Nossa Senhora do Socorro,13,0,3,3002,169,15072
2025-06-15,Nossa Senhora do Socorro,6,0,4,3008,169,15076
2025-06-16,Nossa Senhora do Socorro,6,0,5,3014,169,15081
2025-06-17,Nossa Senhora do Socorro,11,0,4,3025,169,15085
2025-06-18,Nossa Senhora do Socorro,9,0,1,3034,169,15086
2025-06-19,Nossa Senhora do Socorro,18,1,8,3052,170,15094
2025-06-20,Nossa Senhora do Socorro,9,0,5,3061,170,15099
2025-06-21,Nossa Senhora do Socorro,3,1,3,3064,171,15102
2025-06-22,Nossa Senhora do Socorro,2,0,8,3066,171,15110
2025-06-23,Nossa Senhora do Socorro,4,0,7,3070,171,15117
2025-06-24,Nossa Senhora do Socorro,0,0,6,3070,171,15123
2025-06-25,Nossa Senhora do Socorro,10,0,4,3080,171,15127
2025-06-26,Nossa Senhora do Socorro,12,1,4,3092,172,15131
2025-06-27,Nossa Senhora do Socorro,9,0,5,3101,172,15136
2025-06-28,Nossa Senhora do Socorro,10,1,2,3111,173,15138
2025-06-29,Nossa Senhora do Socorro,5,0,7,3116,173,15145
2025-06-30,Nossa Senhora do Socorro,16,1,2,3132,174,15147
2025-07-01,Nossa Senhora do Socorro,7,2,3,3139,176,15150
2025-07-02,Nossa Senhora do Socorro,6,0,1,3145,176,15151
2025-07-03,Nossa Senhora do Socorro,15,1,0,3160,177,15151
2025-07-04,Nossa Senhora do Socorro,4,1,4,3164,178,15155
2025-07-05,Nossa Senhora do Socorro,6,1,0,3170,179,15155
2025-07-06,Nossa Senhora do Socorro,10,0,6,3180,179,15161
2025-07-07,Nossa Senhora do Socorro,8,1,3,3188,180,15164
2025-07-08,Nossa Senhora do Socorro,8,1,6,3196,181,15170
2025-07-09,Nossa Senhora do Socorro,5,1,4,3201,182,15174
2025-07-10,Nossa Senhora do Socorro,13,0,6,3214,182,15180
2025-07-11,Nossa Senhora do Socorro,16,1,7,3230,183,15187
2025-07-12,Nossa Senhora do Socorro,7,1,8,3237,184,15195
2025-07-13,Nossa Senhora do Socorro,13,0,1,3250,184,15196
2025-07-14,Nossa Senhora do Socorro,0,0,9,3250,184,15205
2025-07-15,Nossa Senhora do Socorro,11,0,4,3261,184,15209
2025-07-16,Nossa Senhora do Socorro,11,0,4,3272,184,15213
2025-07-17,Nossa Senhora do Socorro,13,1,5,3285,185,15218
2025-07-18,Nossa Senhora do Socorro,10,0,6,3295,185,15224
2025-07-19,Nossa Senhora do Socorro,22,1,8,3317,186,15232
2025-07-20,Nossa Senhora do Socorro,18,0,8,3335,186,15240
2025-07-21,Nossa Senhora do Socorro,6,0,7,3341,186,15247
2025-07-22,Nossa Senhora do Socorro,7,0,1,3348,186,15248
2025-07-23,Nossa Senhora do Socorro,9,1,3,3357,187,15251
2025-07-24,Nossa Senhora do Socorro,8,1,3,3365,188,15254
2025-07-25,Nossa Senhora do Socorro,9,1,4,3374,189,15258
2025-07-26,Nossa Senhora do Socorro,12,1,6,3386,190,15264
2025-07-27,Nossa Senhora do Socorro,4,0,12,3390,190,15276
2025-07-28,Nossa Senhora do Socorro,1,1,6,3391,191,15282
2025-07-29,Nossa Senhora do Socorro,15,1,9,3406,192,15291
2025-07-30,Nossa Senhora do Socorro,7,0,5,3413,192,15296
2025-07-31,Nossa Senhora do Socorro,15,1,4,3428,193,15300
2024-08-01,Lagarto,1,0,8,1,0,13554
2024-08-02,Lagarto,6,0,8,7,0,13562
2024-08-03,Lagarto,6,0,4,13,0,13566
2024-08-04,Lagarto,18,0,0,31,0,13566
2024-08-05,Lagarto,13,0,9,44,0,13575
2024-08-06,Lagarto,9,1,4,53,1,13579
2024-08-07,Lagarto,4,1,6,57,2,13585
2024-08-08,Lagarto,14,0,4,71,2,13589
2024-08-09,Lagarto,11,0,1,82,2,13590
2024-08-10,Lagarto,18,0,0,100,2,13590
2024-08-11,Lagarto,9,0,3,109,2,13593
2024-08-12,Lagarto,11,0,11,120,2,13604
2024-08-13,Lagarto,15,0,11,135,2,13615
2024-08-14,Lagarto,12,1,2,147,3,13617
2024-08-15,Lagarto,4,0,5,151,3,13622
2024-08-16,Lagarto,19,0,5,170,3,13627
2024-08-17,Lagarto,8,1,0,178,4,13627
2024-08-18,Lagarto,0,0,0,178,4,13627
2024-08-19,Lagarto,17,1,7,195,5,13634
2024-08-20,Lagarto,0,0,5,195,5,13639
2024-08-21,Lagarto,6,0,6,201,5,13645
2024-08-22,Lagarto,9,0,11,210,5,13656
2024-08-23,Lagarto,6,1,3,216,6,13659
2024-08-24,Lagarto,1,1,5,217,7,13664
2024-08-25,Lagarto,9,1,5,226,8,13669
2024-08-26,Lagarto,6,0,4,232,8,13673
2024-08-27,Lagarto,2,0,0,234,8,13673
2024-08-28,Lagarto,6,1,7,240,9,13680
2024-08-29,Lagarto,11,0,6,251,9,13686
2024-08-30,Lagarto,5,0,5,256,9,13691
2024-08-31,Lagarto,8,1,6,264,10,13697
2024-09-01,Lagarto,13,0,10,277,10,13707
2024-09-02,Lagarto,9,1,4,286,11,13711
2024-09-03,Lagarto,18,0,0,304,11,13711
2024-09-04,Lagarto,7,1,8,311,12,13719
2024-09-05,Lagarto,9,0,4,320,12,13723
2024-09-06,Lagarto,14,1,6,334,13,13729
2024-09-07,Lagarto,10,1,3,344,14,13732
2024-09-08,Lagarto,10,0,4,354,14,13736
2024-09-09,Lagarto,7,0,3,361,14,13739
2024-09-10,Lagarto,0,1,6,361,15,13745
2024-09-11,Lagarto,10,0,2,371,15,13747
2024-09-12,Lagarto,3,0,2,374,15,13749
2024-09-13,Lagarto,9,1,6,383,16,13755
2024-09-14,Lagarto,4,0,2,387,16,13757
2024-09-15,Lagarto,7,1,10,394,17,13767
2024-09-16,Lagarto,19,1,5,413,18,13772
2024-09-17,Lagarto,6,0,6,419,18,13778
2024-09-18,Lagarto,9,0,2,428,18,13780
2024-09-19,Lagarto,5,0,3,433,18,13783
2024-09-20,Lagarto,7,1,6,440,19,13789
2024-09-21,Lagarto,11,0,5,451,19,13794
2024-09-22,Lagarto,10,0,2,461,19,13796
2024-09-23,Lagarto,17,1,0,478,20,13796
2024-09-24,Lagarto,9,0,5,487,20,13801
2024-09-25,Lagarto,4,1,2,491,21,13803
2024-09-26,Lagarto,5,0,5,496,21,13808
2024-09-27,Lagarto,12,1,6,508,22,13814
2024-09-28,Lagarto,16,1,7,524,23,13821
2024-09-29,Lagarto,9,0,2,533,23,13823
2024-09-30,Lagarto,19,1,5,552,24,13828
2024-10-01,Lagarto,4,0,3,556,24,13831
2024-10-02,Lagarto,6,1,6,562,25,13837
2024-10-03,Lagarto,15,1,6,577,26,13843
2024-10-04,Lagarto,3,0,1,580,26,13844
2024-10-05,Lagarto,6,0,4,586,26,13848
2024-10-06,Lagarto,18,1,4,604,27,13852
2024-10-07,Lagarto,8,0,0,612,27,13852
2024-10-08,Lagarto,4,0,7,616,27,13859
2024-10-09,Lagarto,12,0,10,628,27,13869
2024-10-10,Lagarto,17,1,10,645,28,13879
2024-10-11,Lagarto,11,1,5,656,29,13884
2024-10-12,Lagarto,0,0,5,656,29,13889
2024-10-13,Lagarto,6,1,2,662,30,13891
2024-10-14,Lagarto,4,0,6,666,30,13897
2024-10-15,Lagarto,11,0,5,677,30,13902
2024-10-16,Lagarto,16,0,9,693,30,13911
2024-10-17,Lagarto,11,0,10,704,30,13921
2024-10-18,Lagarto,10,0,2,714,30,13923
2024-10-19,Lagarto,13,1,6,727,31,13929
2024-10-20,Lagarto,19,0,6,746,31,13935
2024-10-21,Lagarto,8,1,8,754,32,13943
2024-10-22,Lagarto,14,1,4,768,33,13947
2024-10-23,Lagarto,10,0,11,778,33,13958
2024-10-24,Lagarto,23,1,5,801,34,13963
2024-10-25,Lagarto,0,0,2,801,34,13965
2024-10-26,Lagarto,14,1,5,815,35,13970
2024-10-27,Lagarto,18,1,3,833,36,13973
2024-10-28,Lagarto,6,0,6,839,36,13979
2024-10-29,Lagarto,8,0,1,847,36,13980
2024-10-30,Lagarto,11,0,5,858,36,13985
2024-10-31,Lagarto,2,2,3,860,38,13988
2024-11-01,Lagarto,18,0,10,878,38,13998
2024-11-02,Lagarto,10,0,3,888,38,14001
2024-11-03,Lagarto,15,0,9,903,38,14010
2024-11-04,Lagarto,14,0,8,917,38,14018
2024-11-05,Lagarto,11,1,1,928,39,14019
2024-11-06,Lagarto,12,0,5,940,39,14024
2024-11-07,Lagarto,16,1,4,956,40,14028
2024-11-08,Lagarto,12,0,9,968,40,14037
2024-11-09,Lagarto,13,0,7,981,40,14044
2024-11-10,Lagarto,12,1,7,993,41,14051
2024-11-11,Lagarto,7,0,0,1000,41,14051
2024-11-12,Lagarto,3,0,0,1003,41,14051
2024-11-13,Lagarto,4,0,3,1007,41,14054
2024-11-14,Lagarto,14,0,3,1021,41,14057
2024-11-15,Lagarto,4,1,4,1025,42,14061
2024-11-16,Lagarto,6,0,8,1031,42,14069
2024-11-17,Lagarto,3,1,7,1034,43,14076
2024-11-18,Lagarto,11,0,5,1045,43,14081
2024-11-19,Lagarto,8,1,4,1053,44,14085
2024-11-20,Lagarto,8,1,3,1061,45,14088
2024-11-21,Lagarto,16,0,4,1077,45,14092
2024-11-22,Lagarto,14,0,4,1091,45,14096
2024-11-23,Lagarto,14,1,4,1105,46,14100
2024-11-24,Lagarto,13,0,6,1118,46,14106
2024-11-25,Lagarto,18,0,3,1136,46,14109
2024-11-26,Lagarto,15,1,4,1151,47,14113
2024-11-27,Lagarto,6,0,4,1157,47,14117
2024-11-28,Lagarto,9,0,3,1166,47,14120
2024-11-29,Lagarto,6,1,5,1172,48,14125
2024-11-30,Lagarto,12,1,5,1184,49,14130
2024-12-01,Lagarto,4,0,4,1188,49,14134
2024-12-02,Lagarto,15,1,4,1203,50,14138
2024-12-03,Lagarto,18,1,9,1221,51,14147
2024-12-04,Lagarto,12,0,5,1233,51,14152
2024-12-05,Lagarto,17,1,5,1250,52,14157
2024-12-06,Lagarto,10,0,9,1260,52,14166
2024-12-07,Lagarto,12,1,4,1272,53,14170
2024-12-08,Lagarto,5,0,1,1277,53,14171
2024-12-09,Lagarto,9,1,1,1286,54,14172
2024-12-10,Lagarto,3,0,13,1289,54,14185
2024-12-11,Lagarto,6,1,2,1295,55,14187
2024-12-12,Lagarto,16,1,2,1311,56,14189
2024-12-13,Lagarto,3,0,9,1314,56,14198
2024-12-14,Lagarto,14,0,3,1328,56,14201
2024-12-15,Lagarto,9,0,9,1337,56,14210
2024-12-16,Lagarto,20,0,6,1357,56,14216
2024-12-17,Lagarto,5,0,6,1362,56,14222
2024-12-18,Lagarto,14,1,2,1376,57,14224
2024-12-19,Lagarto,11,1,2,1387,58,14226
2024-12-20,Lagarto,8,1,3,1395,59,14229
2024-12-21,Lagarto,10,1,4,1405,60,14233
2024-12-22,Lagarto,7,0,6,1412,60,14239
2024-12-23,Lagarto,18,0,7,1430,60,14246
2024-12-24,Lagarto,10,1,4,1440,61,14250
2024-12-25,Lagarto,4,1,5,1444,62,14255
2024-12-26,Lagarto,15,0,4,1459,62,14259
2024-12-27,Lagarto,15,1,7,1474,63,14266
2024-12-28,Lagarto,1,1,0,1475,64,14266
2024-12-29,Lagarto,5,0,10,1480,64,14276
2024-12-30,Lagarto,8,1,8,1488,65,14284
2024-12-31,Lagarto,8,1,2,1496,66,14286
2025-01-01,Lagarto,0,0,4,1496,66,14290
2025-01-02,Lagarto,12,1,0,1508,67,14290
2025-01-03,Lagarto,13,1,5,1521,68,14295
2025-01-04,Lagarto,8,0,4,1529,68,14299
2025-01-05,Lagarto,17,1,8,1546,69,14307
2025-01-06,Lagarto,12,0,5,1558,69,14312
2025-01-07,Lagarto,1,0,4,1559,69,14316
2025-01-08,Lagarto,20,0,10,1579,69,14326
2025-01-09,Lagarto,1,1,5,1580,70,14331
2025-01-10,Lagarto,10,0,5,1590,70,14336
2025-01-11,Lagarto,16,1,3,1606,71,14339
2025-01-12,Lagarto,8,1,7,1614,72,14346
2025-01-13,Lagarto,9,0,8,1623,72,14354
2025-01-14,Lagarto,6,0,4,1629,72,14358
2025-01-15,Lagarto,21,0,3,1650,72,14361
2025-01-16,Lagarto,16,2,6,1666,74,14367
2025-01-17,Lagarto,14,1,3,1680,75,14370
2025-01-18,Lagarto,7,1,5,1687,76,14375
2025-01-19,Lagarto,13,1,5,1700,77,14380
2025-01-20,Lagarto,17,1,12,1717,78,14392
2025-01-21,Lagarto,5,0,0,1722,78,14392
2025-01-22,Lagarto,11,0,3,1733,78,14395
2025-01-23,Lagarto,5,1,2,1738,79,14397
2025-01-24,Lagarto,15,0,5,1753,79,14402
2025-01-25,Lagarto,8,1,6,1761,80,14408
2025-01-26,Lagarto,10,0,3,1771,80,14411
2025-01-27,Lagarto,8,0,0,1779,80,14411
2025-01-28,Lagarto,7,0,7,1786,80,14418
2025-01-29,Lagarto,18,0,8,1804,80,14426
2025-01-30,Lagarto,8,1,2,1812,81,14428
2025-01-31,Lagarto,9,1,1,1821,82,14429
2025-02-01,Lagarto,10,1,5,1831,83,14434
2025-02-02,Lagarto,12,1,0,1843,84,14434
2025-02-03,Lagarto,10,1,4,1853,85,14438
2025-02-04,Lagarto,17,0,9,1870,85,14447
2025-02-05,Lagarto,8,1,5,1878,86,14452
2025-02-06,Lagarto,14,1,7,1892,87,14459
2025-02-07,Lagarto,15,1,4,1907,88,14463
2025-02-08,Lagarto,10,1,9,1917,89,14472
2025-02-09,Lagarto,19,1,5,1936,90,14477
2025-02-10,Lagarto,11,0,5,1947,90,14482
2025-02-11,Lagarto,1,1,5,1948,91,14487
2025-02-12,Lagarto,13,0,11,1961,91,14498
2025-02-13,Lagarto,4,0,4,1965,91,14502
2025-02-14,Lagarto,11,0,3,1976,91,14505
2025-02-15,Lagarto,13,0,6,1989,91,14511
2025-02-16,Lagarto,6,1,5,1995,92,14516
2025-02-17,Lagarto,9,1,3,2004,93,14519
2025-02-18,Lagarto,0,0,5,2004,93,14524
2025-02-19,Lagarto,10,0,5,2014,93,14529
2025-02-20,Lagarto,17,1,4,2031,94,14533
2025-02-21,Lagarto,14,1,8,2045,95,14541
2025-02-22,Lagarto,9,0,1,2054,95,14542
2025-02-23,Lagarto,11,0,5,2065,95,14547
2025-02-24,Lagarto,10,1,1,2075,96,14548
2025-02-25,Lagarto,15,0,6,2090,96,14554
2025-02-26,Lagarto,12,0,1,2102,96,14555
2025-02-27,Lagarto,8,0,5,2110,96,14560
2025-02-28,Lagarto,11,0,2,2121,96,14562
2025-03-01,Lagarto,14,1,6,2135,97,14568
2025-03-02,Lagarto,8,1,1,2143,98,14569
2025-03-03,Lagarto,13,1,6,2156,99,14575
2025-03-04,Lagarto,8,0,5,2164,99,14580
2025-03-05,Lagarto,8,0,2,2172,99,14582
2025-03-06,Lagarto,14,1,5,2186,100,14587
2025-03-07,Lagarto,0,1,5,2186,101,14592
2025-03-08,Lagarto,18,0,0,2204,101,14592
2025-03-09,Lagarto,12,1,8,2216,102,14600
2025-03-10,Lagarto,12,0,7,2228,102,14607
2025-03-11,Lagarto,16,0,6,2244,102,14613
2025-03-12,Lagarto,10,0,12,2254,102,14625
2025-03-13,Lagarto,6,1,0,2260,103,14625
2025-03-14,Lagarto,16,1,5,2276,104,14630
2025-03-15,Lagarto,8,1,5,2284,105,14635
2025-03-16,Lagarto,17,0,3,2301,105,14638
2025-03-17,Lagarto,19,1,1,2320,106,14639
2025-03-18,Lagarto,12,0,4,2332,106,14643
2025-03-19,Lagarto,10,0,5,2342,106,14648
2025-03-20,Lagarto,7,1,4,2349,107,14652
2025-03-21,Lagarto,7,0,7,2356,107,14659
2025-03-22,Lagarto,12,0,4,2368,107,14663
2025-03-23,Lagarto,12,0,5,2380,107,14668
2025-03-24,Lagarto,7,1,6,2387,108,14674
2025-03-25,Lagarto,4,1,7,2391,109,14681
2025-03-26,Lagarto,12,0,0,2403,109,14681
2025-03-27,Lagarto,7,1,4,2410,110,14685
2025-03-28,Lagarto,5,0,3,2415,110,14688
2025-03-29,Lagarto,9,0,5,2424,110,14693
2025-03-30,Lagarto,12,0,5,2436,110,14698
2025-03-31,Lagarto,15,0,9,2451,110,14707
2025-04-01,Lagarto,14,0,4,2465,110,14711
2025-04-02,Lagarto,6,1,7,2471,111,14718
2025-04-03,Lagarto,19,0,6,2490,111,14724
2025-04-04,Lagarto,20,0,0,2510,111,14724
2025-04-05,Lagarto,10,1,1,2520,112,14725
2025-04-06,Lagarto,7,1,1,2527,113,14726
2025-04-07,Lagarto,12,1,7,2539,114,14733
2025-04-08,Lagarto,8,1,3,2547,115,14736
2025-04-09,Lagarto,10,0,4,2557,115,14740
2025-04-10,Lagarto,5,0,2,2562,115,14742
2025-04-11,Lagarto,4,0,0,2566,115,14742
2025-04-12,Lagarto,16,0,6,2582,115,14748
2025-04-13,Lagarto,0,1,9,2582,116,14757
2025-04-14,Lagarto,16,0,6,2598,116,14763
2025-04-15,Lagarto,10,0,5,2608,116,14768
2025-04-16,Lagarto,10,0,0,2618,116,14768
2025-04-17,Lagarto,10,0,2,2628,116,14770
2025-04-18,Lagarto,9,1,3,2637,117,14773
2025-04-19,Lagarto,20,0,4,2657,117,14777
2025-04-20,Lagarto,11,0,8,2668,117,14785
2025-04-21,Lagarto,9,1,6,2677,118,14791
2025-04-22,Lagarto,9,0,10,2686,118,14801
2025-04-23,Lagarto,14,1,1,2700,119,14802
2025-04-24,Lagarto,7,1,9,2707,120,14811
2025-04-25,Lagarto,7,0,5,2714,120,14816
2025-04-26,Lagarto,4,1,5,2718,121,14821
2025-04-27,Lagarto,9,1,4,2727,122,14825
2025-04-28,Lagarto,1,1,0,2728,123,14825
2025-04-29,Lagarto,15,1,8,2743,124,14833
2025-04-30,Lagarto,4,0,2,2747,124,14835
2025-05-01,Lagarto,13,0,3,2760,124,14838
2025-05-02,Lagarto,14,0,7,2774,124,14845
2025-05-03,Lagarto,3,1,8,2777,125,14853
2025-05-04,Lagarto,17,1,3,2794,126,14856
2025-05-05,Lagarto,5,0,0,2799,126,14856
2025-05-06,Lagarto,10,0,5,2809,126,14861
2025-05-07,Lagarto,5,0,0,2814,126,14861
2025-05-08,Lagarto,11,1,4,2825,127,14865
2025-05-09,Lagarto,8,1,10,2833,128,14875
2025-05-10,Lagarto,17,0,4,2850,128,14879
2025-05-11,Lagarto,17,0,5,2867,128,14884
2025-05-12,Lagarto,0,1,6,2867,129,14890
2025-05-13,Lagarto,2,1,0,2869,130,14890
2025-05-14,Lagarto,8,1,7,2877,131,14897
2025-05-15,Lagarto,9,1,4,2886,132,14901
2025-05-16,Lagarto,11,1,4,2897,133,14905
2025-05-17,Lagarto,19,0,5,2916,133,14910
2025-05-18,Lagarto,5,0,2,2921,133,14912
2025-05-19,Lagarto,20,1,2,2941,134,14914
2025-05-20,Lagarto,20,0,3,2961,134,14917
2025-05-21,Lagarto,10,1,4,2971,135,14921
2025-05-22,Lagarto,2,1,8,2973,136,14929
2025-05-23,Lagarto,5,0,1,2978,136,14930
2025-05-24,Lagarto,7,0,8,2985,136,14938
2025-05-25,Lagarto,6,1,3,2991,137,14941
2025-05-26,Lagarto,7,1,5,2998,138,14946
2025-05-27,Lagarto,12,1,10,3010,139,14956
2025-05-28,Lagarto,3,0,7,3013,139,14963
2025-05-29,Lagarto,9,0,3,3022,139,14966
2025-05-30,Lagarto,10,0,8,3032,139,14974
2025-05-31,Lagarto,6,1,3,3038,140,14977
2025-06-01,Lagarto,14,1,0,3052,141,14977
2025-06-02,Lagarto,2,1,5,3054,142,14982
2025-06-03,Lagarto,2,0,9,3056,142,14991
2025-06-04,Lagarto,1,0,8,3057,142,14999
2025-06-05,Lagarto,22,1,4,3079,143,15003
2025-06-06,Lagarto,0,1,1,3079,144,15004
2025-06-07,Lagarto,4,1,8,3083,145,15012
2025-06-08,Lagarto,12,0,2,3095,145,15014
2025-06-09,Lagarto,1,1,1,3096,146,15015
2025-06-10,Lagarto,3,1,3,3099,147,15018
2025-06-11,Lagarto,0,0,3,3099,147,15021
2025-06-12,Lagarto,12,0,7,3111,147,15028
2025-06-13,Lagarto,16,1,5,3127,148,15033
2025-06-14,Lagarto,14,1,5,3141,149,15038
2025-06-15,Lagarto,12,2,5,3153,151,15043
2025-06-16,Lagarto,10,1,2,3163,152,15045
2025-06-17,Lagarto,15,1,1,3178,153,15046
2025-06-18,Lagarto,1,1,10,3179,154,15056
2025-06-19,Lagarto,8,0,2,3187,154,15058
2025-06-20,Lagarto,5,1,7,3192,155,15065
2025-06-21,Lagarto,12,1,7,3204,156,15072
2025-06-22,Lagarto,5,1,4,3209,157,15076
2025-06-23,Lagarto,9,0,0,3218,157,15076
2025-06-24,Lagarto,3,1,6,3221,158,15082
2025-06-25,Lagarto,15,1,3,3236,159,15085
2025-06-26,Lagarto,13,1,4,3249,160,15089
2025-06-27,Lagarto,0,0,8,3249,160,15097
2025-06-28,Lagarto,13,1,5,3262,161,15102
2025-06-29,Lagarto,9,0,4,3271,161,15106
2025-06-30,Lagarto,6,1,6,3277,162,15112
2025-07-01,Lagarto,12,0,4,3289,162,15116
2025-07-02,Lagarto,15,0,5,3304,162,15121
2025-07-03,Lagarto,4,1,2,3308,163,15123
2025-07-04,Lagarto,3,0,6,3311,163,15129
2025-07-05,Lagarto,12,0,2,3323,163,15131
2025-07-06,Lagarto,5,0,3,3328,163,15134
2025-07-07,Lagarto,7,0,5,3335,163,15139
2025-07-08,Lagarto,3,0,4,3338,163,15143
2025-07-09,Lagarto,8,1,4,3346,164,15147
2025-07-10,Lagarto,9,1,4,3355,165,15151
2025-07-11,Lagarto,9,0,0,3364,165,15151
2025-07-12,Lagarto,6,0,8,3370,165,15159
2025-07-13,Lagarto,6,1,5,3376,166,15164
2025-07-14,Lagarto,9,2,2,3385,168,15166
2025-07-15,Lagarto,9,1,5,3394,169,15171
2025-07-16,Lagarto,16,0,0,3410,169,15171
2025-07-17,Lagarto,16,1,4,3426,170,15175
2025-07-18,Lagarto,14,1,6,3440,171,15181
2025-07-19,Lagarto,1,0,3,3441,171,15184
2025-07-20,Lagarto,14,0,4,3455,171,15188
2025-07-21,Lagarto,9,0,0,3464,171,15188
2025-07-22,Lagarto,15,1,0,3479,172,15188
2025-07-23,Lagarto,1,1,3,3480,173,15191
2025-07-24,Lagarto,11,0,0,3491,173,15191
2025-07-25,Lagarto,11,1,3,3502,174,15194
2025-07-26,Lagarto,8,1,8,3510,175,15202
2025-07-27,Lagarto,9,0,1,3519,175,15203
2025-07-28,Lagarto,11,0,6,3530,175,15209
2025-07-29,Lagarto,10,0,8,3540,175,15217
2025-07-30,Lagarto,10,1,0,3550,176,15217
2025-07-31,Lagarto,16,1,3,3566,177,15220
2024-08-01,Itabaiana,0,0,2,0,0,17130
2024-08-02,Itabaiana,4,0,1,4,0,17131
2024-08-03,Itabaiana,11,0,3,15,0,17134
2024-08-04,Itabaiana,14,0,6,29,0,17140
2024-08-05,Itabaiana,4,0,4,33,0,17144
2024-08-06,Itabaiana,16,1,3,49,1,17147
2024-08-07,Itabaiana,5,0,1,54,1,17148
2024-08-08,Itabaiana,4,0,0,58,1,17148
2024-08-09,Itabaiana,17,1,0,75,2,17148
2024-08-10,Itabaiana,12,1,3,87,3,17151
2024-08-11,Itabaiana,11,0,2,98,3,17153
2024-08-12,Itabaiana,13,0,8,111,3,17161
2024-08-13,Itabaiana,13,1,2,124,4,17163
2024-08-14,Itabaiana,13,0,7,137,4,17170
2024-08-15,Itabaiana,11,2,10,148,6,17180
2024-08-16,Itabaiana,14,1,3,162,7,17183
2024-08-17,Itabaiana,15,1,2,177,8,17185
2024-08-18,Itabaiana,14,0,3,191,8,17188
2024-08-19,Itabaiana,17,0,4,208,8,17192
2024-08-20,Itabaiana,13,0,5,221,8,17197
2024-08-21,Itabaiana,11,0,8,232,8,17205
2024-08-22,Itabaiana,14,1,5,246,9,17210
2024-08-23,Itabaiana,12,1,2,258,10,17212
2024-08-24,Itabaiana,13,1,3,271,11,17215
2024-08-25,Itabaiana,11,1,0,282,12,17215
2024-08-26,Itabaiana,6,1,7,288,13,17222
2024-08-27,Itabaiana,12,1,1,300,14,17223
2024-08-28,Itabaiana,9,0,11,309,14,17234
2024-08-29,Itabaiana,14,1,1,323,15,17235
2024-08-30,Itabaiana,20,1,7,343,16,17242
2024-08-31,Itabaiana,9,0,11,352,16,17253
2024-09-01,Itabaiana,4,1,8,356,17,17261
2024-09-02,Itabaiana,13,1,6,369,18,17267
2024-09-03,Itabaiana,4,0,8,373,18,17275
2024-09-04,Itabaiana,15,1,7,388,19,17282
2024-09-05,Itabaiana,12,0,5,400,19,17287
2024-09-06,Itabaiana,8,1,4,408,20,17291
2024-09-07,Itabaiana,7,1,3,415,21,17294
2024-09-08,Itabaiana,14,1,8,429,22,17302
2024-09-09,Itabaiana,13,0,7,442,22,17309
2024-09-10,Itabaiana,7,0,3,449,22,17312
2024-09-11,Itabaiana,14,1,6,463,23,17318
2024-09-12,Itabaiana,9,1,4,472,24,17322
2024-09-13,Itabaiana,15,1,7,487,25,17329
2024-09-14,Itabaiana,0,1,6,487,26,17335
2024-09-15,Itabaiana,22,0,5,509,26,17340
2024-09-16,Itabaiana,18,0,8,527,26,17348
2024-09-17,Itabaiana,7,1,1,534,27,17349
2024-09-18,Itabaiana,5,1,4,539,28,17353
2024-09-19,Itabaiana,11,1,6,550,29,17359
2024-09-20,Itabaiana,16,0,5,566,29,17364
2024-09-21,Itabaiana,9,0,4,575,29,17368
2024-09-22,Itabaiana,13,0,6,588,29,17374
2024-09-23,Itabaiana,9,1,0,597,30,17374
2024-09-24,Itabaiana,5,0,0,602,30,17374
2024-09-25,Itabaiana,11,0,11,613,30,17385
2024-09-26,Itabaiana,10,0,9,623,30,17394
2024-09-27,Itabaiana,10,1,11,633,31,17405
2024-09-28,Itabaiana,13,0,2,646,31,17407
2024-09-29,Itabaiana,0,1,5,646,32,17412
2024-09-30,Itabaiana,8,0,7,654,32,17419
2024-10-01,Itabaiana,21,1,4,675,33,17423
2024-10-02,Itabaiana,11,1,1,686,34,17424
2024-10-03,Itabaiana,3,1,4,689,35,17428
2024-10-04,Itabaiana,8,1,6,697,36,17434
2024-10-05,Itabaiana,17,0,5,714,36,17439
2024-10-06,Itabaiana,5,0,7,719,36,17446
2024-10-07,Itabaiana,11,1,8,730,37,17454
2024-10-08,Itabaiana,15,0,7,745,37,17461
2024-10-09,Itabaiana,9,0,9,754,37,17470
2024-10-10,Itabaiana,17,1,6,771,38,17476
2024-10-11,Itabaiana,9,0,6,780,38,17482
2024-10-12,Itabaiana,0,0,1,780,38,17483
2024-10-13,Itabaiana,15,0,4,795,38,17487
2024-10-14,Itabaiana,8,0,4,803,38,17491
2024-10-15,Itabaiana,0,0,4,803,38,17495
2024-10-16,Itabaiana,8,0,3,811,38,17498
2024-10-17,Itabaiana,1,1,4,812,39,17502
2024-10-18,Itabaiana,14,1,4,826,40,17506
2024-10-19,Itabaiana,10,1,5,836,41,17511
2024-10-20,Itabaiana,6,0,2,842,41,17513
2024-10-21,Itabaiana,11,1,5,853,42,17518
2024-10-22,Itabaiana,15,2,5,868,44,17523
2024-10-23,Itabaiana,9,0,6,877,44,17529
2024-10-24,Itabaiana,8,0,10,885,44,17539
2024-10-25,Itabaiana,11,1,2,896,45,17541
2024-10-26,Itabaiana,19,0,4,915,45,17545
2024-10-27,Itabaiana,13,1,6,928,46,17551
2024-10-28,Itabaiana,6,0,3,934,46,17554
2024-10-29,Itabaiana,10,1,0,944,47,17554
2024-10-30,Itabaiana,5,0,4,949,47,17558
2024-10-31,Itabaiana,22,1,8,971,48,17566
2024-11-01,Itabaiana,5,1,5,976,49,17571
2024-11-02,Itabaiana,13,1,2,989,50,17573
2024-11-03,Itabaiana,0,0,4,989,50,17577
2024-11-04,Itabaiana,17,1,7,1006,51,17584
2024-11-05,Itabaiana,13,1,1,1019,52,17585
2024-11-06,Itabaiana,8,1,8,1027,53,17593
2024-11-07,Itabaiana,15,0,4,1042,53,17597
2024-11-08,Itabaiana,11,0,6,1053,53,17603
2024-11-09,Itabaiana,7,1,1,1060,54,17604
2024-11-10,Itabaiana,9,0,1,1069,54,17605
2024-11-11,Itabaiana,12,1,1,1081,55,17606
2024-11-12,Itabaiana,11,1,10,1092,56,17616
2024-11-13,Itabaiana,11,0,0,1103,56,17616
2024-11-14,Itabaiana,18,0,3,1121,56,17619
2024-11-15,Itabaiana,15,1,6,1136,57,17625
2024-11-16,Itabaiana,13,2,1,1149,59,17626
2024-11-17,Itabaiana,6,0,1,1155,59,17627
2024-11-18,Itabaiana,8,1,1,1163,60,17628
2024-11-19,Itabaiana,10,0,5,1173,60,17633
2024-11-20,Itabaiana,6,1,7,1179,61,17640
2024-11-21,Itabaiana,14,0,7,1193,61,17647
2024-11-22,Itabaiana,10,0,5,1203,61,17652
2024-11-23,Itabaiana,6,1,5,1209,62,17657
2024-11-24,Itabaiana,5,0,6,1214,62,17663
2024-11-25,Itabaiana,11,0,3,1225,62,17666
2024-11-26,Itabaiana,2,1,5,1227,63,17671
2024-11-27,Itabaiana,0,0,9,1227,63,17680
2024-11-28,Itabaiana,9,0,7,1236,63,17687
2024-11-29,Itabaiana,11,2,9,1247,65,17696
2024-11-30,Itabaiana,6,1,11,1253,66,17707
2024-12-01,Itabaiana,2,1,4,1255,67,17711
2024-12-02,Itabaiana,9,1,0,1264,68,17711
2024-12-03,Itabaiana,11,0,6,1275,68,17717
2024-12-04,Itabaiana,14,1,6,1289,69,17723
2024-12-05,Itabaiana,11,1,5,1300,70,17728
2024-12-06,Itabaiana,7,0,6,1307,70,17734
2024-12-07,Itabaiana,14,0,8,1321,70,17742
2024-12-08,Itabaiana,11,0,5,1332,70,17747
2024-12-09,Itabaiana,12,1,5,1344,71,17752
2024-12-10,Itabaiana,7,1,7,1351,72,17759
2024-12-11,Itabaiana,12,0,0,1363,72,17759
2024-12-12,Itabaiana,13,0,6,1376,72,17765
2024-12-13,Itabaiana,2,1,3,1378,73,17768
2024-12-14,Itabaiana,6,0,3,1384,73,17771
2024-12-15,Itabaiana,19,0,3,1403,73,17774
2024-12-16,Itabaiana,14,1,2,1417,74,17776
2024-12-17,Itabaiana,7,0,4,1424,74,17780
2024-12-18,Itabaiana,12,0,2,1436,74,17782
2024-12-19,Itabaiana,10,1,1,1446,75,17783
2024-12-20,Itabaiana,9,1,12,1455,76,17795
2024-12-21,Itabaiana,0,1,7,1455,77,17802
2024-12-22,Itabaiana,12,1,4,1467,78,17806
2024-12-23,Itabaiana,17,0,5,1484,78,17811
2024-12-24,Itabaiana,9,0,6,1493,78,17817
2024-12-25,Itabaiana,5,1,2,1498,79,17819
2024-12-26,Itabaiana,18,1,0,1516,80,17819
2024-12-27,Itabaiana,7,0,5,1523,80,17824
2024-12-28,Itabaiana,5,0,4,1528,80,17828
2024-12-29,Itabaiana,13,1,3,1541,81,17831
2024-12-30,Itabaiana,13,0,6,1554,81,17837
2024-12-31,Itabaiana,7,0,5,1561,81,17842
2025-01-01,Itabaiana,13,1,5,1574,82,17847
2025-01-02,Itabaiana,11,1,1,1585,83,17848
2025-01-03,Itabaiana,7,2,5,1592,85,17853
2025-01-04,Itabaiana,12,0,2,1604,85,17855
2025-01-05,Itabaiana,11,0,5,1615,85,17860
2025-01-06,Itabaiana,11,0,9,1626,85,17869
2025-01-07,Itabaiana,16,0,8,1642,85,17877
2025-01-08,Itabaiana,6,0,2,1648,85,17879
2025-01-09,Itabaiana,9,1,2,1657,86,17881
2025-01-10,Itabaiana,1,0,8,1658,86,17889
2025-01-11,Itabaiana,10,1,3,1668,87,17892
2025-01-12,Itabaiana,17,1,6,1685,88,17898
2025-01-13,Itabaiana,11,0,5,1696,88,17903
2025-01-14,Itabaiana,12,0,7,1708,88,17910
2025-01-15,Itabaiana,3,0,8,1711,88,17918
2025-01-16,Itabaiana,6,1,0,1717,89,17918
2025-01-17,Itabaiana,0,0,5,1717,89,17923
2025-01-18,Itabaiana,4,1,9,1721,90,17932
2025-01-19,Itabaiana,5,0,4,1726,90,17936
2025-01-20,Itabaiana,15,0,0,1741,90,17936
2025-01-21,Itabaiana,7,1,5,1748,91,17941
2025-01-22,Itabaiana,11,0,4,1759,91,17945
2025-01-23,Itabaiana,11,1,4,1770,92,17949
2025-01-24,Itabaiana,8,0,1,1778,92,17950
2025-01-25,Itabaiana,15,0,4,1793,92,17954
2025-01-26,Itabaiana,8,1,0,1801,93,17954
2025-01-27,Itabaiana,9,1,0,1810,94,17954
2025-01-28,Itabaiana,6,2,4,1816,96,17958
2025-01-29,Itabaiana,9,0,7,1825,96,17965
2025-01-30,Itabaiana,12,0,7,1837,96,17972
2025-01-31,Itabaiana,20,1,9,1857,97,17981
2025-02-01,Itabaiana,13,0,8,1870,97,17989
2025-02-02,Itabaiana,19,0,9,1889,97,17998
2025-02-03,Itabaiana,10,1,4,1899,98,18002
2025-02-04,Itabaiana,2,1,3,1901,99,18005
2025-02-05,Itabaiana,10,0,2,1911,99,18007
2025-02-06,Itabaiana,2,1,5,1913,100,18012
2025-02-07,Itabaiana,11,1,4,1924,101,18016
2025-02-08,Itabaiana,9,1,7,1933,102,18023
2025-02-09,Itabaiana,4,0,9,1937,102,18032
2025-02-10,Itabaiana,10,0,3,1947,102,18035
2025-02-11,Itabaiana,8,1,6,1955,103,18041
2025-02-12,Itabaiana,3,0,2,1958,103,18043
2025-02-13,Itabaiana,8,1,7,1966,104,18050
2025-02-14,Itabaiana,17,0,5,1983,104,18055
2025-02-15,Itabaiana,19,1,7,2002,105,18062
2025-02-16,Itabaiana,17,0,4,2019,105,18066
2025-02-17,Itabaiana,8,0,5,2027,105,18071
2025-02-18,Itabaiana,25,0,4,2052,105,18075
2025-02-19,Itabaiana,12,0,3,2064,105,18078
2025-02-20,Itabaiana,13,0,0,2077,105,18078
2025-02-21,Itabaiana,7,1,2,2084,106,18080
2025-02-22,Itabaiana,8,1,10,2092,107,18090
2025-02-23,Itabaiana,15,0,2,2107,107,18092
2025-02-24,Itabaiana,12,0,2,2119,107,18094
2025-02-25,Itabaiana,13,1,5,2132,108,18099
2025-02-26,Itabaiana,13,1,8,2145,109,18107
2025-02-27,Itabaiana,7,0,7,2152,109,18114
2025-02-28,Itabaiana,5,0,8,2157,109,18122
2025-03-01,Itabaiana,9,1,4,2166,110,18126
2025-03-02,Itabaiana,10,0,5,2176,110,18131
2025-03-03,Itabaiana,0,0,5,2176,110,18136
2025-03-04,Itabaiana,3,0,8,2179,110,18144
2025-03-05,Itabaiana,8,0,2,2187,110,18146
2025-03-06,Itabaiana,8,1,3,2195,111,18149
2025-03-07,Itabaiana,14,0,5,2209,111,18154
2025-03-08,Itabaiana,11,0,8,2220,111,18162
2025-03-09,Itabaiana,4,0,3,2224,111,18165
2025-03-10,Itabaiana,12,1,4,2236,112,18169
2025-03-11,Itabaiana,16,1,2,2252,113,18171
2025-03-12,Itabaiana,13,1,6,2265,114,18177
2025-03-13,Itabaiana,14,2,4,2279,116,18181
2025-03-14,Itabaiana,5,1,5,2284,117,18186
2025-03-15,Itabaiana,10,1,3,2294,118,18189
2025-03-16,Itabaiana,11,1,3,2305,119,18192
2025-03-17,Itabaiana,9,1,7,2314,120,18199
2025-03-18,Itabaiana,4,1,2,2318,121,18201
2025-03-19,Itabaiana,11,1,6,2329,122,18207
2025-03-20,Itabaiana,4,1,0,2333,123,18207
2025-03-21,Itabaiana,0,0,4,2333,123,18211
2025-03-22,Itabaiana,6,1,4,2339,124,18215
2025-03-23,Itabaiana,4,0,1,2343,124,18216
2025-03-24,Itabaiana,11,0,5,2354,124,18221
2025-03-25,Itabaiana,4,0,3,2358,124,18224
2025-03-26,Itabaiana,7,1,10,2365,125,18234
2025-03-27,Itabaiana,9,0,0,2374,125,18234
2025-03-28,Itabaiana,8,0,5,2382,125,18239
2025-03-29,Itabaiana,15,0,1,2397,125,18240
2025-03-30,Itabaiana,7,0,1,2404,125,18241
2025-03-31,Itabaiana,3,0,5,2407,125,18246
2025-04-01,Itabaiana,18,1,8,2425,126,18254
2025-04-02,Itabaiana,8,1,7,2433,127,18261
2025-04-03,Itabaiana,4,1,4,2437,128,18265
2025-04-04,Itabaiana,13,0,0,2450,128,18265
2025-04-05,Itabaiana,12,1,3,2462,129,18268
2025-04-06,Itabaiana,0,0,5,2462,129,18273
2025-04-07,Itabaiana,3,1,6,2465,130,18279
2025-04-08,Itabaiana,11,0,2,2476,130,18281
2025-04-09,Itabaiana,15,1,10,2491,131,18291
2025-04-10,Itabaiana,8,1,2,2499,132,18293
2025-04-11,Itabaiana,13,2,6,2512,134,18299
2025-04-12,Itabaiana,20,1,2,2532,135,18301
2025-04-13,Itabaiana,8,1,1,2540,136,18302
2025-04-14,Itabaiana,3,1,8,2543,137,18310
2025-04-15,Itabaiana,10,0,11,2553,137,18321
2025-04-16,Itabaiana,14,0,1,2567,137,18322
2025-04-17,Itabaiana,15,1,0,2582,138,18322
2025-04-18,Itabaiana,2,1,0,2584,139,18322
2025-04-19,Itabaiana,4,0,8,2588,139,18330
2025-04-20,Itabaiana,10,0,6,2598,139,18336
2025-04-21,Itabaiana,21,0,5,2619,139,18341
2025-04-22,Itabaiana,4,0,3,2623,139,18344
2025-04-23,Itabaiana,10,1,12,2633,140,18356
2025-04-24,Itabaiana,7,0,5,2640,140,18361
2025-04-25,Itabaiana,10,0,1,2650,140,18362
2025-04-26,Itabaiana,11,1,4,2661,141,18366
2025-04-27,Itabaiana,15,0,8,2676,141,18374
2025-04-28,Itabaiana,16,1,4,2692,142,18378
2025-04-29,Itabaiana,1,1,7,2693,143,18385
2025-04-30,Itabaiana,10,0,9,2703,143,18394
2025-05-01,Itabaiana,9,0,1,2712,143,18395
2025-05-02,Itabaiana,5,0,3,2717,143,18398
2025-05-03,Itabaiana,9,1,0,2726,144,18398
2025-05-04,Itabaiana,8,1,6,2734,145,18404
2025-05-05,Itabaiana,12,1,5,2746,146,18409
2025-05-06,Itabaiana,16,1,7,2762,147,18416
2025-05-07,Itabaiana,6,1,0,2768,148,18416
2025-05-08,Itabaiana,11,1,8,2779,149,18424
2025-05-09,Itabaiana,7,1,4,2786,150,18428
2025-05-10,Itabaiana,10,1,4,2796,151,18432
2025-05-11,Itabaiana,12,1,5,2808,152,18437
2025-05-12,Itabaiana,6,0,6,2814,152,18443
2025-05-13,Itabaiana,17,0,3,2831,152,18446
2025-05-14,Itabaiana,9,0,0,2840,152,18446
2025-05-15,Itabaiana,15,0,5,2855,152,18451
2025-05-16,Itabaiana,20,1,0,2875,153,18451
2025-05-17,Itabaiana,3,0,5,2878,153,18456
2025-05-18,Itabaiana,8,0,11,2886,153,18467
2025-05-19,Itabaiana,17,0,8,2903,153,18475
2025-05-20,Itabaiana,4,1,0,2907,154,18475
2025-05-21,Itabaiana,9,1,7,2916,155,18482
2025-05-22,Itabaiana,7,1,6,2923,156,18488
2025-05-23,Itabaiana,14,0,3,2937,156,18491
2025-05-24,Itabaiana,5,1,4,2942,157,18495
2025-05-25,Itabaiana,13,0,9,2955,157,18504
2025-05-26,Itabaiana,16,1,1,2971,158,18505
2025-05-27,Itabaiana,0,1,5,2971,159,18510
2025-05-28,Itabaiana,0,1,2,2971,160,18512
2025-05-29,Itabaiana,11,1,5,2982,161,18517
2025-05-30,Itabaiana,17,0,7,2999,161,18524
2025-05-31,Itabaiana,10,1,0,3009,162,18524
2025-06-01,Itabaiana,14,1,7,3023,163,18531
2025-06-02,Itabaiana,7,1,4,3030,164,18535
2025-06-03,Itabaiana,9,0,4,3039,164,18539
2025-06-04,Itabaiana,4,1,0,3043,165,18539
2025-06-05,Itabaiana,17,1,6,3060,166,18545
2025-06-06,Itabaiana,3,0,8,3063,166,18553
2025-06-07,Itabaiana,11,0,9,3074,166,18562
2025-06-08,Itabaiana,12,0,6,3086,166,18568
2025-06-09,Itabaiana,10,1,3,3096,167,18571
2025-06-10,Itabaiana,9,1,11,3105,168,18582
2025-06-11,Itabaiana,2,0,4,3107,168,18586
2025-06-12,Itabaiana,6,1,4,3113,169,18590
2025-06-13,Itabaiana,4,1,4,3117,170,18594
2025-06-14,Itabaiana,9,1,5,3126,171,18599
2025-06-15,Itabaiana,11,0,0,3137,171,18599
2025-06-16,Itabaiana,11,0,10,3148,171,18609
2025-06-17,Itabaiana,7,0,7,3155,171,18616
2025-06-18,Itabaiana,8,0,0,3163,171,18616
2025-06-19,Itabaiana,3,1,8,3166,172,18624
2025-06-20,Itabaiana,15,1,7,3181,173,18631
2025-06-21,Itabaiana,16,1,1,3197,174,18632
2025-06-22,Itabaiana,10,0,6,3207,174,18638
2025-06-23,Itabaiana,6,1,6,3213,175,18644
2025-06-24,Itabaiana,5,1,6,3218,176,18650
2025-06-25,Itabaiana,0,1,3,3218,177,18653
2025-06-26,Itabaiana,18,1,7,3236,178,18660
2025-06-27,Itabaiana,17,1,6,3253,179,18666
2025-06-28,Itabaiana,7,1,8,3260,180,18674
2025-06-29,Itabaiana,3,1,2,3263,181,18676
2025-06-30,Itabaiana,14,1,3,3277,182,18679
2025-07-01,Itabaiana,10,1,1,3287,183,18680
2025-07-02,Itabaiana,14,0,1,3301,183,18681
2025-07-03,Itabaiana,12,0,11,3313,183,18692
2025-07-04,Itabaiana,10,1,5,3323,184,18697
2025-07-05,Itabaiana,12,0,5,3335,184,18702
2025-07-06,Itabaiana,7,1,6,3342,185,18708
2025-07-07,Itabaiana,10,0,0,3352,185,18708
2025-07-08,Itabaiana,5,0,0,3357,185,18708
2025-07-09,Itabaiana,15,1,14,3372,186,18722
2025-07-10,Itabaiana,5,0,3,3377,186,18725
2025-07-11,Itabaiana,6,1,3,3383,187,18728
2025-07-12,Itabaiana,2,1,0,3385,188,18728
2025-07-13,Itabaiana,18,1,10,3403,189,18738
2025-07-14,Itabaiana,5,1,5,3408,190,18743
2025-07-15,Itabaiana,5,0,0,3413,190,18743
2025-07-16,Itabaiana,1,1,6,3414,191,18749
2025-07-17,Itabaiana,9,0,2,3423,191,18751
2025-07-18,Itabaiana,12,0,9,3435,191,18760
2025-07-19,Itabaiana,16,0,10,3451,191,18770
2025-07-20,Itabaiana,0,0,4,3451,191,18774
2025-07-21,Itabaiana,11,1,5,3462,192,18779
2025-07-22,Itabaiana,6,1,7,3468,193,18786
2025-07-23,Itabaiana,15,0,3,3483,193,18789
2025-07-24,Itabaiana,6,0,3,3489,193,18792
2025-07-25,Itabaiana,4,1,5,3493,194,18797
2025-07-26,Itabaiana,14,1,6,3507,195,18803
2025-07-27,Itabaiana,13,0,8,3520,195,18811
2025-07-28,Itabaiana,11,0,3,3531,195,18814
2025-07-29,Itabaiana,17,1,3,3548,196,18817
2025-07-30,Itabaiana,12,1,2,3560,197,18819
2025-07-31,Itabaiana,5,1,1,3565,198,18820
2024-08-01,São Cristóvão,3,0,4,3,0,10152
2024-08-02,São Cristóvão,0,0,3,3,0,10155
2024-08-03,São Cristóvão,10,1,0,13,1,10155
2024-08-04,São Cristóvão,18,1,8,31,2,10163
2024-08-05,São Cristóvão,9,0,3,40,2,10166
2024-08-06,São Cristóvão,7,0,4,47,2,10170
2024-08-07,São Cristóvão,10,0,3,57,2,10173
2024-08-08,São Cristóvão,18,0,0,75,2,10173
2024-08-09,São Cristóvão,10,0,6,85,2,10179
2024-08-10,São Cristóvão,15,1,3,100,3,10182
2024-08-11,São Cristóvão,10,0,5,110,3,10187
2024-08-12,São Cristóvão,5,0,5,115,3,10192
2024-08-13,São Cristóvão,9,0,4,124,3,10196
2024-08-14,São Cristóvão,10,1,7,134,4,10203
2024-08-15,São Cristóvão,5,0,8,139,4,10211
2024-08-16,São Cristóvão,16,1,6,155,5,10217
2024-08-17,São Cristóvão,12,0,0,167,5,10217
2024-08-18,São Cristóvão,16,0,8,183,5,10225
2024-08-19,São Cristóvão,2,0,3,185,5,10228
2024-08-20,São Cristóvão,18,1,1,203,6,10229
2024-08-21,São Cristóvão,15,0,0,218,6,10229
2024-08-22,São Cristóvão,12,0,6,230,6,10235
2024-08-23,São Cristóvão,8,0,8,238,6,10243
2024-08-24,São Cristóvão,21,1,6,259,7,10249
2024-08-25,São Cristóvão,9,1,2,268,8,10251
2024-08-26,São Cristóvão,7,0,6,275,8,10257
2024-08-27,São Cristóvão,5,0,9,280,8,10266
2024-08-28,São Cristóvão,1,1,0,281,9,10266
2024-08-29,São Cristóvão,9,1,1,290,10,10267
2024-08-30,São Cristóvão,7,0,4,297,10,10271
2024-08-31,São Cristóvão,2,0,2,299,10,10273
2024-09-01,São Cristóvão,6,1,12,305,11,10285
2024-09-02,São Cristóvão,12,1,4,317,12,10289
2024-09-03,São Cristóvão,5,0,7,322,12,10296
2024-09-04,São Cristóvão,12,0,5,334,12,10301
2024-09-05,São Cristóvão,9,0,0,343,12,10301
2024-09-06,São Cristóvão,1,1,0,344,13,10301
2024-09-07,São Cristóvão,4,1,5,348,14,10306
2024-09-08,São Cristóvão,14,0,10,362,14,10316
2024-09-09,São Cristóvão,14,0,0,376,14,10316
2024-09-10,São Cristóvão,13,0,7,389,14,10323
2024-09-11,São Cristóvão,12,0,5,401,14,10328
2024-09-12,São Cristóvão,15,0,1,416,14,10329
2024-09-13,São Cristóvão,3,1,4,419,15,10333
2024-09-14,São Cristóvão,15,0,5,434,15,10338
2024-09-15,São Cristóvão,7,0,1,441,15,10339
2024-09-16,São Cristóvão,10,1,5,451,16,10344
2024-09-17,São Cristóvão,9,1,0,460,17,10344
2024-09-18,São Cristóvão,8,0,10,468,17,10354
2024-09-19,São Cristóvão,20,0,4,488,17,10358
2024-09-20,São Cristóvão,4,0,0,492,17,10358
2024-09-21,São Cristóvão,16,1,5,508,18,10363
2024-09-22,São Cristóvão,11,0,5,519,18,10368
2024-09-23,São Cristóvão,1,1,4,520,19,10372
2024-09-24,São Cristóvão,3,1,5,523,20,10377
2024-09-25,São Cristóvão,7,1,4,530,21,10381
2024-09-26,São Cristóvão,11,1,0,541,22,10381
2024-09-27,São Cristóvão,10,0,2,551,22,10383
2024-09-28,São Cristóvão,2,0,4,553,22,10387
2024-09-29,São Cristóvão,11,0,5,564,22,10392
2024-09-30,São Cristóvão,11,1,2,575,23,10394
2024-10-01,São Cristóvão,8,1,4,583,24,10398
2024-10-02,São Cristóvão,4,0,3,587,24,10401
2024-10-03,São Cristóvão,1,0,9,588,24,10410
2024-10-04,São Cristóvão,1,1,4,589,25,10414
2024-10-05,São Cristóvão,5,0,6,594,25,10420
2024-10-06,São Cristóvão,1,0,6,595,25,10426
2024-10-07,São Cristóvão,11,1,2,606,26,10428
2024-10-08,São Cristóvão,9,0,6,615,26,10434
2024-10-09,São Cristóvão,9,1,6,624,27,10440
2024-10-10,São Cristóvão,10,1,5,634,28,10445
2024-10-11,São Cristóvão,9,1,6,643,29,10451
2024-10-12,São Cristóvão,13,1,5,656,30,10456
2024-10-13,São Cristóvão,10,0,2,666,30,10458
2024-10-14,São Cristóvão,11,1,4,677,31,10462
2024-10-15,São Cristóvão,8,1,0,685,32,10462
2024-10-16,São Cristóvão,9,2,1,694,34,10463
2024-10-17,São Cristóvão,6,0,4,700,34,10467
2024-10-18,São Cristóvão,8,1,3,708,35,10470
2024-10-19,São Cristóvão,12,0,2,720,35,10472
2024-10-20,São Cristóvão,10,1,6,730,36,10478
2024-10-21,São Cristóvão,18,0,7,748,36,10485
2024-10-22,São Cristóvão,5,0,0,753,36,10485
2024-10-23,São Cristóvão,12,0,9,765,36,10494
2024-10-24,São Cristóvão,13,0,3,778,36,10497
2024-10-25,São Cristóvão,13,1,5,791,37,10502
2024-10-26,São Cristóvão,10,1,2,801,38,10504
2024-10-27,São Cristóvão,19,2,0,820,40,10504
2024-10-28,São Cristóvão,5,1,4,825,41,10508
2024-10-29,São Cristóvão,15,0,5,840,41,10513
2024-10-30,São Cristóvão,9,0,5,849,41,10518
2024-10-31,São Cristóvão,18,1,1,867,42,10519
2024-11-01,São Cristóvão,10,0,2,877,42,10521
2024-11-02,São Cristóvão,9,0,9,886,42,10530
2024-11-03,São Cristóvão,6,0,4,892,42,10534
2024-11-04,São Cristóvão,8,0,8,900,42,10542
2024-11-05,São Cristóvão,9,1,0,909,43,10542
2024-11-06,São Cristóvão,13,0,4,922,43,10546
2024-11-07,São Cristóvão,12,1,4,934,44,10550
2024-11-08,São Cristóvão,8,0,10,942,44,10560
2024-11-09,São Cristóvão,13,1,0,955,45,10560
2024-11-10,São Cristóvão,13,1,7,968,46,10567
2024-11-11,São Cristóvão,6,1,3,974,47,10570
2024-11-12,São Cristóvão,13,1,8,987,48,10578
2024-11-13,São Cristóvão,3,1,5,990,49,10583
2024-11-14,São Cristóvão,8,0,4,998,49,10587
2024-11-15,São Cristóvão,13,1,5,1011,50,10592
2024-11-16,São Cristóvão,13,1,3,1024,51,10595
2024-11-17,São Cristóvão,6,1,6,1030,52,10601
2024-11-18,São Cristóvão,7,0,1,1037,52,10602
2024-11-19,São Cristóvão,11,1,6,1048,53,10608
2024-11-20,São Cristóvão,6,0,7,1054,53,10615
2024-11-21,São Cristóvão,10,0,7,1064,53,10622
2024-11-22,São Cristóvão,4,0,5,1068,53,10627
2024-11-23,São Cristóvão,13,0,9,1081,53,10636
2024-11-24,São Cristóvão,13,0,6,1094,53,10642
2024-11-25,São Cristóvão,8,1,3,1102,54,10645
2024-11-26,São Cristóvão,13,1,4,1115,55,10649
2024-11-27,São Cristóvão,5,0,5,1120,55,10654
2024-11-28,São Cristóvão,8,0,6,1128,55,10660
2024-11-29,São Cristóvão,5,1,7,1133,56,10667
2024-11-30,São Cristóvão,17,1,3,1150,57,10670
2024-12-01,São Cristóvão,7,0,7,1157,57,10677
2024-12-02,São Cristóvão,7,1,2,1164,58,10679
2024-12-03,São Cristóvão,9,1,3,1173,59,10682
2024-12-04,São Cristóvão,13,1,6,1186,60,10688
2024-12-05,São Cristóvão,9,0,5,1195,60,10693
2024-12-06,São Cristóvão,23,1,5,1218,61,10698
2024-12-07,São Cristóvão,2,1,8,1220,62,10706
2024-12-08,São Cristóvão,16,0,4,1236,62,10710
2024-12-09,São Cristóvão,6,1,6,1242,63,10716
2024-12-10,São Cristóvão,6,0,3,1248,63,10719
2024-12-11,São Cristóvão,5,1,7,1253,64,10726
2024-12-12,São Cristóvão,5,0,9,1258,64,10735
2024-12-13,São Cristóvão,12,1,3,1270,65,10738
2024-12-14,São Cristóvão,8,1,2,1278,66,10740
2024-12-15,São Cristóvão,6,1,6,1284,67,10746
2024-12-16,São Cristóvão,6,0,7,1290,67,10753
2024-12-17,São Cristóvão,7,0,0,1297,67,10753
2024-12-18,São Cristóvão,6,0,4,1303,67,10757
2024-12-19,São Cristóvão,5,1,5,1308,68,10762
2024-12-20,São Cristóvão,15,0,13,1323,68,10775
2024-12-21,São Cristóvão,15,1,8,1338,69,10783
2024-12-22,São Cristóvão,16,1,8,1354,70,10791
2024-12-23,São Cristóvão,13,1,1,1367,71,10792
2024-12-24,São Cristóvão,5,1,4,1372,72,10796
2024-12-25,São Cristóvão,9,0,3,1381,72,10799
2024-12-26,São Cristóvão,14,1,7,1395,73,10806
2024-12-27,São Cristóvão,19,2,7,1414,75,10813
2024-12-28,São Cristóvão,7,0,4,1421,75,10817
2024-12-29,São Cristóvão,4,1,5,1425,76,10822
2024-12-30,São Cristóvão,2,1,4,1427,77,10826
2024-12-31,São Cristóvão,5,0,1,1432,77,10827
2025-01-01,São Cristóvão,9,0,5,1441,77,10832
2025-01-02,São Cristóvão,4,1,2,1445,78,10834
2025-01-03,São Cristóvão,11,0,1,1456,78,10835
2025-01-04,São Cristóvão,4,1,8,1460,79,10843
2025-01-05,São Cristóvão,7,0,4,1467,79,10847
2025-01-06,São Cristóvão,11,1,4,1478,80,10851
2025-01-07,São Cristóvão,15,1,4,1493,81,10855
2025-01-08,São Cristóvão,0,0,0,1493,81,10855
2025-01-09,São Cristóvão,5,1,3,1498,82,10858
2025-01-10,São Cristóvão,2,0,8,1500,82,10866
2025-01-11,São Cristóvão,15,0,5,1515,82,10871
2025-01-12,São Cristóvão,10,1,11,1525,83,10882
2025-01-13,São Cristóvão,9,1,9,1534,84,10891
2025-01-14,São Cristóvão,15,0,3,1549,84,10894
2025-01-15,São Cristóvão,9,0,8,1558,84,10902
2025-01-16,São Cristóvão,18,1,0,1576,85,10902
2025-01-17,São Cristóvão,17,1,1,1593,86,10903
2025-01-18,São Cristóvão,14,1,9,1607,87,10912
2025-01-19,São Cristóvão,10,1,8,1617,88,10920
2025-01-20,São Cristóvão,7,1,5,1624,89,10925
2025-01-21,São Cristóvão,14,1,2,1638,90,10927
2025-01-22,São Cristóvão,10,1,0,1648,91,10927
2025-01-23,São Cristóvão,11,0,8,1659,91,10935
2025-01-24,São Cristóvão,4,1,2,1663,92,10937
2025-01-25,São Cristóvão,6,0,3,1669,92,10940
2025-01-26,São Cristóvão,7,1,7,1676,93,10947
2025-01-27,São Cristóvão,2,1,7,1678,94,10954
2025-01-28,São Cristóvão,0,0,1,1678,94,10955
2025-01-29,São Cristóvão,7,1,0,1685,95,10955
2025-01-30,São Cristóvão,14,1,6,1699,96,10961
2025-01-31,São Cristóvão,8,1,5,1707,97,10966
2025-02-01,São Cristóvão,0,0,4,1707,97,10970
2025-02-02,São Cristóvão,12,0,5,1719,97,10975
2025-02-03,São Cristóvão,17,1,6,1736,98,10981
2025-02-04,São Cristóvão,12,0,9,1748,98,10990
2025-02-05,São Cristóvão,13,0,1,1761,98,10991
2025-02-06,São Cristóvão,8,0,8,1769,98,10999
2025-02-07,São Cristóvão,13,0,2,1782,98,11001
2025-02-08,São Cristóvão,6,0,0,1788,98,11001
2025-02-09,São Cristóvão,12,1,6,1800,99,11007
2025-02-10,São Cristóvão,13,1,4,1813,100,11011
2025-02-11,São Cristóvão,12,0,0,1825,100,11011
2025-02-12,São Cristóvão,12,0,0,1837,100,11011
2025-02-13,São Cristóvão,12,1,0,1849,101,11011
2025-02-14,São Cristóvão,5,1,1,1854,102,11012
2025-02-15,São Cristóvão,8,0,7,1862,102,11019
2025-02-16,São Cristóvão,3,1,9,1865,103,11028
2025-02-17,São Cristóvão,16,0,7,1881,103,11035
2025-02-18,São Cristóvão,9,0,5,1890,103,11040
2025-02-19,São Cristóvão,8,0,4,1898,103,11044
2025-02-20,São Cristóvão,8,0,7,1906,103,11051
2025-02-21,São Cristóvão,9,1,4,1915,104,11055
2025-02-22,São Cristóvão,14,1,2,1929,105,11057
2025-02-23,São Cristóvão,19,1,0,1948,106,11057
2025-02-24,São Cristóvão,8,1,6,1956,107,11063
2025-02-25,São Cristóvão,23,1,5,1979,108,11068
2025-02-26,São Cristóvão,10,0,5,1989,108,11073
2025-02-27,São Cristóvão,10,0,8,1999,108,11081
2025-02-28,São Cristóvão,11,0,3,2010,108,11084
2025-03-01,São Cristóvão,16,0,3,2026,108,11087
2025-03-02,São Cristóvão,7,1,5,2033,109,11092
2025-03-03,São Cristóvão,11,1,3,2044,110,11095
2025-03-04,São Cristóvão,16,0,3,2060,110,11098
2025-03-05,São Cristóvão,10,0,4,2070,110,11102
2025-03-06,São Cristóvão,18,1,7,2088,111,11109
2025-03-07,São Cristóvão,15,1,6,2103,112,11115
2025-03-08,São Cristóvão,10,1,1,2113,113,11116
2025-03-09,São Cristóvão,10,2,3,2123,115,11119
2025-03-10,São Cristóvão,19,0,4,2142,115,11123
2025-03-11,São Cristóvão,5,0,4,2147,115,11127
2025-03-12,São Cristóvão,13,0,5,2160,115,11132
2025-03-13,São Cristóvão,9,1,9,2169,116,11141
2025-03-14,São Cristóvão,11,0,5,2180,116,11146
2025-03-15,São Cristóvão,5,0,0,2185,116,11146
2025-03-16,São Cristóvão,3,0,9,2188,116,11155
2025-03-17,São Cristóvão,11,1,4,2199,117,11159
2025-03-18,São Cristóvão,9,1,2,2208,118,11161
2025-03-19,São Cristóvão,4,0,0,2212,118,11161
2025-03-20,São Cristóvão,3,0,2,2215,118,11163
2025-03-21,São Cristóvão,3,0,3,2218,118,11166
2025-03-22,São Cristóvão,14,1,7,2232,119,11173
2025-03-23,São Cristóvão,1,1,4,2233,120,11177
2025-03-24,São Cristóvão,5,0,1,2238,120,11178
2025-03-25,São Cristóvão,7,0,4,2245,120,11182
2025-03-26,São Cristóvão,11,0,8,2256,120,11190
2025-03-27,São Cristóvão,12,0,6,2268,120,11196
2025-03-28,São Cristóvão,23,0,0,2291,120,11196
2025-03-29,São Cristóvão,11,0,4,2302,120,11200
2025-03-30,São Cristóvão,18,0,6,2320,120,11206
2025-03-31,São Cristóvão,7,1,5,2327,121,11211
2025-04-01,São Cristóvão,8,1,7,2335,122,11218
2025-04-02,São Cristóvão,12,0,2,2347,122,11220
2025-04-03,São Cristóvão,4,1,2,2351,123,11222
2025-04-04,São Cristóvão,12,0,0,2363,123,11222
2025-04-05,São Cristóvão,6,0,6,2369,123,11228
2025-04-06,São Cristóvão,3,0,0,2372,123,11228
2025-04-07,São Cristóvão,15,0,3,2387,123,11231
2025-04-08,São Cristóvão,10,1,3,2397,124,11234
2025-04-09,São Cristóvão,12,0,0,2409,124,11234
2025-04-10,São Cristóvão,12,0,6,2421,124,11240
2025-04-11,São Cristóvão,16,1,4,2437,125,11244
2025-04-12,São Cristóvão,7,0,3,2444,125,11247
2025-04-13,São Cristóvão,6,0,4,2450,125,11251
2025-04-14,São Cristóvão,6,1,8,2456,126,11259
2025-04-15,São Cristóvão,9,0,7,2465,126,11266
2025-04-16,São Cristóvão,0,1,4,2465,127,11270
2025-04-17,São Cristóvão,2,1,0,2467,128,11270
2025-04-18,São Cristóvão,4,1,4,2471,129,11274
2025-04-19,São Cristóvão,0,1,1,2471,130,11275
2025-04-20,São Cristóvão,2,1,10,2473,131,11285
2025-04-21,São Cristóvão,8,1,2,2481,132,11287
2025-04-22,São Cristóvão,5,1,9,2486,133,11296
2025-04-23,São Cristóvão,10,0,4,2496,133,11300
2025-04-24,São Cristóvão,1,1,6,2497,134,11306
2025-04-25,São Cristóvão,11,1,1,2508,135,11307
2025-04-26,São Cristóvão,11,1,8,2519,136,11315
2025-04-27,São Cristóvão,6,1,4,2525,137,11319
2025-04-28,São Cristóvão,9,0,6,2534,137,11325
2025-04-29,São Cristóvão,17,1,4,2551,138,11329
2025-04-30,São Cristóvão,13,1,10,2564,139,11339
2025-05-01,São Cristóvão,13,1,5,2577,140,11344
2025-05-02,São Cristóvão,5,1,7,2582,141,11351
2025-05-03,São Cristóvão,13,0,6,2595,141,11357
2025-05-04,São Cristóvão,16,1,3,2611,142,11360
2025-05-05,São Cristóvão,7,0,5,2618,142,11365
2025-05-06,São Cristóvão,7,0,4,2625,142,11369
2025-05-07,São Cristóvão,4,1,6,2629,143,11375
2025-05-08,São Cristóvão,8,0,1,2637,143,11376
2025-05-09,São Cristóvão,8,0,8,2645,143,11384
2025-05-10,São Cristóvão,12,1,3,2657,144,11387
2025-05-11,São Cristóvão,3,1,4,2660,145,11391
2025-05-12,São Cristóvão,9,0,6,2669,145,11397
2025-05-13,São Cristóvão,7,1,0,2676,146,11397
2025-05-14,São Cristóvão,11,0,2,2687,146,11399
2025-05-15,São Cristóvão,2,1,4,2689,147,11403
2025-05-16,São Cristóvão,7,0,8,2696,147,11411
2025-05-17,São Cristóvão,19,1,6,2715,148,11417
2025-05-18,São Cristóvão,4,0,0,2719,148,11417
2025-05-19,São Cristóvão,12,1,8,2731,149,11425
2025-05-20,São Cristóvão,8,1,0,2739,150,11425
2025-05-21,São Cristóvão,12,0,0,2751,150,11425
2025-05-22,São Cristóvão,19,0,3,2770,150,11428
2025-05-23,São Cristóvão,9,0,2,2779,150,11430
2025-05-24,São Cristóvão,10,0,7,2789,150,11437
2025-05-25,São Cristóvão,15,0,5,2804,150,11442
2025-05-26,São Cristóvão,9,0,8,2813,150,11450
2025-05-27,São Cristóvão,10,2,4,2823,152,11454
2025-05-28,São Cristóvão,5,1,6,2828,153,11460
2025-05-29,São Cristóvão,11,0,7,2839,153,11467
2025-05-30,São Cristóvão,2,0,8,2841,153,11475
2025-05-31,São Cristóvão,6,0,2,2847,153,11477
2025-06-01,São Cristóvão,18,1,6,2865,154,11483
2025-06-02,São Cristóvão,9,1,6,2874,155,11489
2025-06-03,São Cristóvão,14,2,8,2888,157,11497
2025-06-04,São Cristóvão,5,1,1,2893,158,11498
2025-06-05,São Cristóvão,7,1,11,2900,159,11509
2025-06-06,São Cristóvão,0,1,2,2900,160,11511
2025-06-07,São Cristóvão,10,0,6,2910,160,11517
2025-06-08,São Cristóvão,8,0,3,2918,160,11520
2025-06-09,São Cristóvão,11,0,5,2929,160,11525
2025-06-10,São Cristóvão,4,0,7,2933,160,11532
2025-06-11,São Cristóvão,10,1,6,2943,161,11538
2025-06-12,São Cristóvão,12,0,2,2955,161,11540
2025-06-13,São Cristóvão,17,1,4,2972,162,11544
2025-06-14,São Cristóvão,14,1,3,2986,163,11547
2025-06-15,São Cristóvão,9,0,1,2995,163,11548
2025-06-16,São Cristóvão,8,0,1,3003,163,11549
2025-06-17,São Cristóvão,10,1,0,3013,164,11549
2025-06-18,São Cristóvão,12,0,1,3025,164,11550
2025-06-19,São Cristóvão,0,0,7,3025,164,11557
2025-06-20,São Cristóvão,9,0,5,3034,164,11562
2025-06-21,São Cristóvão,9,0,9,3043,164,11571
2025-06-22,São Cristóvão,8,0,0,3051,164,11571
2025-06-23,São Cristóvão,6,1,7,3057,165,11578
2025-06-24,São Cristóvão,10,0,3,3067,165,11581
2025-06-25,São Cristóvão,17,1,6,3084,166,11587
2025-06-26,São Cristóvão,4,0,5,3088,166,11592
2025-06-27,São Cristóvão,10,1,4,3098,167,11596
2025-06-28,São Cristóvão,3,1,9,3101,168,11605
2025-06-29,São Cristóvão,9,1,12,3110,169,11617
2025-06-30,São Cristóvão,11,0,5,3121,169,11622
2025-07-01,São Cristóvão,13,1,4,3134,170,11626
2025-07-02,São Cristóvão,13,1,8,3147,171,11634
2025-07-03,São Cristóvão,9,0,7,3156,171,11641
2025-07-04,São Cristóvão,11,0,4,3167,171,11645
2025-07-05,São Cristóvão,4,1,5,3171,172,11650
2025-07-06,São Cristóvão,12,0,2,3183,172,11652
2025-07-07,São Cristóvão,11,1,9,3194,173,11661
2025-07-08,São Cristóvão,12,1,4,3206,174,11665
2025-07-09,São Cristóvão,8,0,6,3214,174,11671
2025-07-10,São Cristóvão,15,1,5,3229,175,11676
2025-07-11,São Cristóvão,5,1,8,3234,176,11684
2025-07-12,São Cristóvão,19,0,1,3253,176,11685
2025-07-13,São Cristóvão,3,0,3,3256,176,11688
2025-07-14,São Cristóvão,11,1,6,3267,177,11694
2025-07-15,São Cristóvão,9,0,7,3276,177,11701
2025-07-16,São Cristóvão,8,1,8,3284,178,11709
2025-07-17,São Cristóvão,8,1,5,3292,179,11714
2025-07-18,São Cristóvão,5,0,3,3297,179,11717
2025-07-19,São Cristóvão,4,0,7,3301,179,11724
2025-07-20,São Cristóvão,2,1,5,3303,180,11729
2025-07-21,São Cristóvão,4,0,8,3307,180,11737
2025-07-22,São Cristóvão,16,0,8,3323,180,11745
2025-07-23,São Cristóvão,16,0,8,3339,180,11753
2025-07-24,São Cristóvão,9,0,6,3348,180,11759
2025-07-25,São Cristóvão,17,0,0,3365,180,11759
2025-07-26,São Cristóvão,5,1,6,3370,181,11765
2025-07-27,São Cristóvão,16,0,2,3386,181,11767
2025-07-28,São Cristóvão,9,0,2,3395,181,11769
2025-07-29,São Cristóvão,19,0,6,3414,181,11775
2025-07-30,São Cristóvão,7,0,3,3421,181,11778
2025-07-31,São Cristóvão,2,0,9,3423,181,11787
2024-08-01,Estância,14,1,5,14,1,11525
2024-08-02,Estância,4,1,4,18,2,11529
2024-08-03,Estância,13,1,3,31,3,11532
2024-08-04,Estância,10,0,6,41,3,11538
2024-08-05,Estância,14,0,8,55,3,11546
2024-08-06,Estância,4,1,5,59,4,11551
2024-08-07,Estância,8,0,1,67,4,11552
2024-08-08,Estância,13,0,13,80,4,11565
2024-08-09,Estância,10,0,4,90,4,11569
2024-08-10,Estância,15,1,3,105,5,11572
2024-08-11,Estância,13,0,6,118,5,11578
2024-08-12,Estância,7,0,0,125,5,11578
2024-08-13,Estância,6,1,2,131,6,11580
2024-08-14,Estância,20,1,7,151,7,11587
2024-08-15,Estância,6,1,5,157,8,11592
2024-08-16,Estância,8,0,2,165,8,11594
2024-08-17,Estância,9,1,5,174,9,11599
2024-08-18,Estância,9,1,5,183,10,11604
2024-08-19,Estância,9,0,6,192,10,11610
2024-08-20,Estância,11,0,3,203,10,11613
2024-08-21,Estância,14,0,7,217,10,11620
2024-08-22,Estância,5,1,1,222,11,11621
2024-08-23,Estância,0,0,0,222,11,11621
2024-08-24,Estância,16,1,6,238,12,11627
2024-08-25,Estância,9,0,4,247,12,11631
2024-08-26,Estância,22,1,7,269,13,11638
2024-08-27,Estância,12,0,4,281,13,11642
2024-08-28,Estância,12,1,8,293,14,11650
2024-08-29,Estância,6,0,5,299,14,11655
2024-08-30,Estância,15,1,3,314,15,11658
2024-08-31,Estância,2,0,3,316,15,11661
2024-09-01,Estância,11,1,4,327,16,11665
2024-09-02,Estância,10,1,0,337,17,11665
2024-09-03,Estância,4,1,7,341,18,11672
2024-09-04,Estância,9,1,10,350,19,11682
2024-09-05,Estância,13,1,0,363,20,11682
2024-09-06,Estância,7,1,3,370,21,11685
2024-09-07,Estância,5,0,4,375,21,11689
2024-09-08,Estância,1,0,0,376,21,11689
2024-09-09,Estância,20,1,6,396,22,11695
2024-09-10,Estância,9,0,6,405,22,11701
2024-09-11,Estância,7,0,2,412,22,11703
2024-09-12,Estância,9,0,11,421,22,11714
2024-09-13,Estância,12,1,3,433,23,11717
2024-09-14,Estância,16,0,5,449,23,11722
2024-09-15,Estância,13,2,8,462,25,11730
2024-09-16,Estância,6,0,9,468,25,11739
2024-09-17,Estância,6,1,4,474,26,11743
2024-09-18,Estância,7,0,2,481,26,11745
2024-09-19,Estância,7,0,6,488,26,11751
2024-09-20,Estância,0,1,14,488,27,11765
2024-09-21,Estância,5,0,4,493,27,11769
2024-09-22,Estância,14,0,0,507,27,11769
2024-09-23,Estância,10,1,3,517,28,11772
2024-09-24,Estância,1,0,7,518,28,11779
2024-09-25,Estância,5,1,3,523,29,11782
2024-09-26,Estância,2,0,2,525,29,11784
2024-09-27,Estância,5,0,5,530,29,11789
2024-09-28,Estância,19,0,1,549,29,11790
2024-09-29,Estância,9,1,5,558,30,11795
2024-09-30,Estância,18,0,5,576,30,11800
2024-10-01,Estância,10,0,4,586,30,11804
2024-10-02,Estância,4,1,6,590,31,11810
2024-10-03,Estância,8,1,10,598,32,11820
2024-10-04,Estância,17,0,1,615,32,11821
2024-10-05,Estância,25,1,4,640,33,11825
2024-10-06,Estância,4,1,4,644,34,11829
2024-10-07,Estância,6,1,4,650,35,11833
2024-10-08,Estância,7,0,9,657,35,11842
2024-10-09,Estância,5,0,3,662,35,11845
2024-10-10,Estância,17,1,6,679,36,11851
2024-10-11,Estância,4,0,4,683,36,11855
2024-10-12,Estância,10,0,0,693,36,11855
2024-10-13,Estância,15,0,5,708,36,11860
2024-10-14,Estância,8,0,4,716,36,11864
2024-10-15,Estância,6,0,2,722,36,11866
2024-10-16,Estância,4,0,6,726,36,11872
2024-10-17,Estância,13,1,2,739,37,11874
2024-10-18,Estância,4,1,7,743,38,11881
2024-10-19,Estância,9,0,1,752,38,11882
2024-10-20,Estância,9,0,5,761,38,11887
2024-10-21,Estância,4,1,2,765,39,11889
2024-10-22,Estância,4,0,5,769,39,11894
2024-10-23,Estância,1,0,5,770,39,11899
2024-10-24,Estância,3,1,4,773,40,11903
2024-10-25,Estância,11,1,2,784,41,11905
2024-10-26,Estância,12,0,2,796,41,11907
2024-10-27,Estância,11,0,3,807,41,11910
2024-10-28,Estância,3,1,0,810,42,11910
2024-10-29,Estância,10,1,1,820,43,11911
2024-10-30,Estância,12,0,1,832,43,11912
2024-10-31,Estância,12,0,5,844,43,11917
2024-11-01,Estância,3,0,2,847,43,11919
2024-11-02,Estância,2,1,4,849,44,11923
2024-11-03,Estância,8,0,0,857,44,11923
2024-11-04,Estância,9,0,11,866,44,11934
2024-11-05,Estância,11,0,2,877,44,11936
2024-11-06,Estância,9,1,3,886,45,11939
2024-11-07,Estância,12,1,1,898,46,11940
2024-11-08,Estância,12,0,1,910,46,11941
2024-11-09,Estância,11,0,2,921,46,11943
2024-11-10,Estância,12,0,2,933,46,11945
2024-11-11,Estância,15,1,3,948,47,11948
2024-11-12,Estância,13,0,4,961,47,11952
2024-11-13,Estância,4,1,7,965,48,11959
2024-11-14,Estância,13,1,5,978,49,11964
2024-11-15,Estância,16,0,4,994,49,11968
2024-11-16,Estância,18,1,4,1012,50,11972
2024-11-17,Estância,7,0,6,1019,50,11978
2024-11-18,Estância,15,0,0,1034,50,11978
2024-11-19,Estância,10,2,8,1044,52,11986
2024-11-20,Estância,5,0,3,1049,52,11989
2024-11-21,Estância,17,1,1,1066,53,11990
2024-11-22,Estância,8,0,2,1074,53,11992
2024-11-23,Estância,10,1,2,1084,54,11994
2024-11-24,Estância,2,1,0,1086,55,11994
2024-11-25,Estância,7,1,0,1093,56,11994
2024-11-26,Estância,9,1,7,1102,57,12001
2024-11-27,Estância,4,1,10,1106,58,12011
2024-11-28,Estância,6,1,4,1112,59,12015
2024-11-29,Estância,7,0,3,1119,59,12018
2024-11-30,Estância,15,0,4,1134,59,12022
2024-12-01,Estância,14,1,5,1148,60,12027
2024-12-02,Estância,10,1,3,1158,61,12030
2024-12-03,Estância,17,0,6,1175,61,12036
2024-12-04,Estância,14,2,5,1189,63,12041
2024-12-05,Estância,20,0,0,1209,63,12041
2024-12-06,Estância,8,1,0,1217,64,12041
2024-12-07,Estância,18,0,6,1235,64,12047
2024-12-08,Estância,5,1,6,1240,65,12053
2024-12-09,Estância,8,1,8,1248,66,12061
2024-12-10,Estância,5,0,6,1253,66,12067
2024-12-11,Estância,3,1,7,1256,67,12074
2024-12-12,Estância,12,1,10,1268,68,12084
2024-12-13,Estância,8,1,6,1276,69,12090
2024-12-14,Estância,9,0,6,1285,69,12096
2024-12-15,Estância,17,1,6,1302,70,12102
2024-12-16,Estância,16,0,10,1318,70,12112
2024-12-17,Estância,6,0,3,1324,70,12115
2024-12-18,Estância,10,1,7,1334,71,12122
2024-12-19,Estância,7,0,1,1341,71,12123
2024-12-20,Estância,10,0,10,1351,71,12133
2024-12-21,Estância,9,1,5,1360,72,12138
2024-12-22,Estância,13,0,4,1373,72,12142
2024-12-23,Estância,11,0,9,1384,72,12151
2024-12-24,Estância,0,1,3,1384,73,12154
2024-12-25,Estância,4,1,3,1388,74,12157
2024-12-26,Estância,13,1,1,1401,75,12158
2024-12-27,Estância,18,1,6,1419,76,12164
2024-12-28,Estância,11,0,7,1430,76,12171
2024-12-29,Estância,14,0,1,1444,76,12172
2024-12-30,Estância,9,1,10,1453,77,12182
2024-12-31,Estância,4,0,0,1457,77,12182
2025-01-01,Estância,12,1,6,1469,78,12188
2025-01-02,Estância,6,1,4,1475,79,12192
2025-01-03,Estância,10,1,8,1485,80,12200
2025-01-04,Estância,11,1,0,1496,81,12200
2025-01-05,Estância,4,1,5,1500,82,12205
2025-01-06,Estância,10,1,0,1510,83,12205
2025-01-07,Estância,6,0,3,1516,83,12208
2025-01-08,Estância,0,0,7,1516,83,12215
2025-01-09,Estância,4,1,10,1520,84,12225
2025-01-10,Estância,15,1,7,1535,85,12232
2025-01-11,Estância,1,0,5,1536,85,12237
2025-01-12,Estância,0,1,2,1536,86,12239
2025-01-13,Estância,8,0,6,1544,86,12245
2025-01-14,Estância,13,1,3,1557,87,12248
2025-01-15,Estância,12,0,3,1569,87,12251
2025-01-16,Estância,17,0,7,1586,87,12258
2025-01-17,Estância,6,0,3,1592,87,12261
2025-01-18,Estância,14,1,1,1606,88,12262
2025-01-19,Estância,5,1,2,1611,89,12264
2025-01-20,Estância,3,0,6,1614,89,12270
2025-01-21,Estância,0,0,4,1614,89,12274
2025-01-22,Estância,3,0,6,1617,89,12280
2025-01-23,Estância,10,1,8,1627,90,12288
2025-01-24,Estância,10,1,3,1637,91,12291
2025-01-25,Estância,19,1,5,1656,92,12296
2025-01-26,Estância,13,1,0,1669,93,12296
2025-01-27,Estância,13,1,7,1682,94,12303
2025-01-28,Estância,5,1,5,1687,95,12308
2025-01-29,Estância,5,0,6,1692,95,12314
2025-01-30,Estância,18,1,2,1710,96,12316
2025-01-31,Estância,5,1,2,1715,97,12318
2025-02-01,Estância,8,0,1,1723,97,12319
2025-02-02,Estância,7,0,6,1730,97,12325
2025-02-03,Estância,20,0,9,1750,97,12334
2025-02-04,Estância,5,1,6,1755,98,12340
2025-02-05,Estância,15,0,5,1770,98,12345
2025-02-06,Estância,12,1,9,1782,99,12354
2025-02-07,Estância,0,1,6,1782,100,12360
2025-02-08,Estância,9,1,8,1791,101,12368
2025-02-09,Estância,3,1,2,1794,102,12370
2025-02-10,Estância,4,0,8,1798,102,12378
2025-02-11,Estância,2,2,6,1800,104,12384
2025-02-12,Estância,21,1,2,1821,105,12386
2025-02-13,Estância,12,1,11,1833,106,12397
2025-02-14,Estância,0,1,0,1833,107,12397
2025-02-15,Estância,16,1,7,1849,108,12404
2025-02-16,Estância,4,0,0,1853,108,12404
2025-02-17,Estância,5,1,3,1858,109,12407
2025-02-18,Estância,8,0,0,1866,109,12407
2025-02-19,Estância,4,0,4,1870,109,12411
2025-02-20,Estância,7,0,7,1877,109,12418
2025-02-21,Estância,12,1,7,1889,110,12425
2025-02-22,Estância,6,1,5,1895,111,12430
2025-02-23,Estância,6,1,2,1901,112,12432
2025-02-24,Estância,4,1,3,1905,113,12435
2025-02-25,Estância,1,1,7,1906,114,12442
2025-02-26,Estância,10,1,8,1916,115,12450
2025-02-27,Estância,8,0,0,1924,115,12450
2025-02-28,Estância,2,1,5,1926,116,12455
2025-03-01,Estância,14,0,10,1940,116,12465
2025-03-02,Estância,9,1,4,1949,117,12469
2025-03-03,Estância,5,0,5,1954,117,12474
2025-03-04,Estância,10,1,3,1964,118,12477
2025-03-05,Estância,12,1,0,1976,119,12477
2025-03-06,Estância,11,1,2,1987,120,12479
2025-03-07,Estância,5,0,6,1992,120,12485
2025-03-08,Estância,14,0,5,2006,120,12490
2025-03-09,Estância,10,0,0,2016,120,12490
2025-03-10,Estância,7,0,2,2023,120,12492
2025-03-11,Estância,10,1,7,2033,121,12499
2025-03-12,Estância,9,1,4,2042,122,12503
2025-03-13,Estância,15,1,6,2057,123,12509
2025-03-14,Estância,9,1,2,2066,124,12511
2025-03-15,Estância,14,0,5,2080,124,12516
2025-03-16,Estância,16,0,8,2096,124,12524
2025-03-17,Estância,4,0,8,2100,124,12532
2025-03-18,Estância,6,1,0,2106,125,12532
2025-03-19,Estância,12,0,10,2118,125,12542
2025-03-20,Estância,5,0,4,2123,125,12546
2025-03-21,Estância,4,1,6,2127,126,12552
2025-03-22,Estância,5,1,11,2132,127,12563
2025-03-23,Estância,9,1,6,2141,128,12569
2025-03-24,Estância,7,1,3,2148,129,12572
2025-03-25,Estância,3,0,3,2151,129,12575
2025-03-26,Estância,10,1,7,2161,130,12582
2025-03-27,Estância,11,1,10,2172,131,12592
2025-03-28,Estância,10,0,1,2182,131,12593
2025-03-29,Estância,2,0,6,2184,131,12599
2025-03-30,Estância,5,0,7,2189,131,12606
2025-03-31,Estância,7,1,7,2196,132,12613
2025-04-01,Estância,21,0,5,2217,132,12618
2025-04-02,Estância,19,0,10,2236,132,12628
2025-04-03,Estância,6,1,3,2242,133,12631
2025-04-04,Estância,5,0,5,2247,133,12636
2025-04-05,Estância,9,1,4,2256,134,12640
2025-04-06,Estância,9,0,1,2265,134,12641
2025-04-07,Estância,19,1,3,2284,135,12644
2025-04-08,Estância,13,0,6,2297,135,12650
2025-04-09,Estância,10,1,3,2307,136,12653
2025-04-10,Estância,7,0,7,2314,136,12660
2025-04-11,Estância,11,0,2,2325,136,12662
2025-04-12,Estância,5,1,8,2330,137,12670
2025-04-13,Estância,11,0,9,2341,137,12679
2025-04-14,Estância,2,0,10,2343,137,12689
2025-04-15,Estância,16,1,2,2359,138,12691
2025-04-16,Estância,9,1,6,2368,139,12697
2025-04-17,Estância,1,1,3,2369,140,12700
2025-04-18,Estância,11,0,0,2380,140,12700
2025-04-19,Estância,16,0,7,2396,140,12707
2025-04-20,Estância,16,0,6,2412,140,12713
2025-04-21,Estância,11,0,3,2423,140,12716
2025-04-22,Estância,10,0,2,2433,140,12718
2025-04-23,Estância,16,1,1,2449,141,12719
2025-04-24,Estância,9,0,9,2458,141,12728
2025-04-25,Estância,14,1,3,2472,142,12731
2025-04-26,Estância,6,1,8,2478,143,12739
2025-04-27,Estância,2,0,4,2480,143,12743
2025-04-28,Estância,10,0,3,2490,143,12746
2025-04-29,Estância,7,0,1,2497,143,12747
2025-04-30,Estância,2,0,2,2499,143,12749
2025-05-01,Estância,6,1,10,2505,144,12759
2025-05-02,Estância,7,0,5,2512,144,12764
2025-05-03,Estância,0,0,6,2512,144,12770
2025-05-04,Estância,10,1,7,2522,145,12777
2025-05-05,Estância,13,1,2,2535,146,12779
2025-05-06,Estância,4,0,9,2539,146,12788
2025-05-07,Estância,12,0,4,2551,146,12792
2025-05-08,Estância,11,1,1,2562,147,12793
2025-05-09,Estância,8,0,7,2570,147,12800
2025-05-10,Estância,10,0,4,2580,147,12804
2025-05-11,Estância,8,0,6,2588,147,12810
2025-05-12,Estância,12,1,5,2600,148,12815
2025-05-13,Estância,3,1,8,2603,149,12823
2025-05-14,Estância,12,1,3,2615,150,12826
2025-05-15,Estância,14,0,8,2629,150,12834
2025-05-16,Estância,3,1,2,2632,151,12836
2025-05-17,Estância,11,2,2,2643,153,12838
2025-05-18,Estância,14,1,3,2657,154,12841
2025-05-19,Estância,14,1,4,2671,155,12845
2025-05-20,Estância,14,1,5,2685,156,12850
2025-05-21,Estância,13,1,8,2698,157,12858
2025-05-22,Estância,16,1,3,2714,158,12861
2025-05-23,Estância,13,0,2,2727,158,12863
2025-05-24,Estância,10,0,1,2737,158,12864
2025-05-25,Estância,12,1,1,2749,159,12865
2025-05-26,Estância,7,0,1,2756,159,12866
2025-05-27,Estância,0,1,0,2756,160,12866
2025-05-28,Estância,8,1,9,2764,161,12875
2025-05-29,Estância,7,0,6,2771,161,12881
2025-05-30,Estância,13,0,4,2784,161,12885
2025-05-31,Estância,8,0,3,2792,161,12888
2025-06-01,Estância,9,1,1,2801,162,12889
2025-06-02,Estância,11,1,6,2812,163,12895
2025-06-03,Estância,3,0,4,2815,163,12899
2025-06-04,Estância,16,1,5,2831,164,12904
2025-06-05,Estância,9,1,1,2840,165,12905
2025-06-06,Estância,7,1,4,2847,166,12909
2025-06-07,Estância,9,1,4,2856,167,12913
2025-06-08,Estância,16,1,1,2872,168,12914
2025-06-09,Estância,13,1,2,2885,169,12916
2025-06-10,Estância,2,1,9,2887,170,12925
2025-06-11,Estância,8,1,6,2895,171,12931
2025-06-12,Estância,10,0,1,2905,171,12932
2025-06-13,Estância,1,0,6,2906,171,12938
2025-06-14,Estância,17,0,8,2923,171,12946
2025-06-15,Estância,17,0,0,2940,171,12946
2025-06-16,Estância,13,1,2,2953,172,12948
2025-06-17,Estância,12,0,8,2965,172,12956
2025-06-18,Estância,0,0,1,2965,172,12957
2025-06-19,Estância,9,0,4,2974,172,12961
2025-06-20,Estância,13,1,3,2987,173,12964
2025-06-21,Estância,11,0,2,2998,173,12966
2025-06-22,Estância,17,1,9,3015,174,12975
2025-06-23,Estância,17,0,2,3032,174,12977
2025-06-24,Estância,2,1,7,3034,175,12984
2025-06-25,Estância,12,1,0,3046,176,12984
2025-06-26,Estância,9,0,7,3055,176,12991
2025-06-27,Estância,8,1,2,3063,177,12993
2025-06-28,Estância,7,0,2,3070,177,12995
2025-06-29,Estância,6,0,12,3076,177,13007
2025-06-30,Estância,6,1,1,3082,178,13008
2025-07-01,Estância,15,1,4,3097,179,13012
2025-07-02,Estância,8,2,8,3105,181,13020
2025-07-03,Estância,10,0,2,3115,181,13022
2025-07-04,Estância,6,1,10,3121,182,13032
2025-07-05,Estância,7,1,4,3128,183,13036
2025-07-06,Estância,1,0,1,3129,183,13037
2025-07-07,Estância,17,0,10,3146,183,13047
2025-07-08,Estância,10,0,7,3156,183,13054
2025-07-09,Estância,7,1,2,3163,184,13056
2025-07-10,Estância,13,1,10,3176,185,13066
2025-07-11,Estância,9,1,7,3185,186,13073
2025-07-12,Estância,13,1,8,3198,187,13081
2025-07-13,Estância,11,1,8,3209,188,13089
2025-07-14,Estância,6,0,4,3215,188,13093
2025-07-15,Estância,4,1,12,3219,189,13105
2025-07-16,Estância,13,1,1,3232,190,13106
2025-07-17,Estância,12,0,3,3244,190,13109
2025-07-18,Estância,17,0,2,3261,190,13111
2025-07-19,Estância,8,0,8,3269,190,13119
2025-07-20,Estância,7,0,5,3276,190,13124
2025-07-21,Estância,7,1,4,3283,191,13128
2025-07-22,Estância,9,0,7,3292,191,13135
2025-07-23,Estância,4,0,4,3296,191,13139
2025-07-24,Estância,10,0,6,3306,191,13145
2025-07-25,Estância,11,1,4,3317,192,13149
2025-07-26,Estância,13,1,0,3330,193,13149
2025-07-27,Estância,4,1,5,3334,194,13154
2025-07-28,Estância,15,1,6,3349,195,13160
2025-07-29,Estância,7,1,4,3356,196,13164
2025-07-30,Estância,22,0,2,3378,196,13166
2025-07-31,Estância,1,0,4,3379,196,13170
2024-08-01,Tobias Barreto,19,1,7,19,1,7972
2024-08-02,Tobias Barreto,15,1,4,34,2,7976
2024-08-03,Tobias Barreto,4,1,9,38,3,7985
2024-08-04,Tobias Barreto,6,1,2,44,4,7987
2024-08-05,Tobias Barreto,7,1,2,51,5,7989
2024-08-06,Tobias Barreto,20,1,4,71,6,7993
2024-08-07,Tobias Barreto,15,1,4,86,7,7997
2024-08-08,Tobias Barreto,5,0,10,91,7,8007
2024-08-09,Tobias Barreto,0,0,0,91,7,8007
2024-08-10,Tobias Barreto,3,1,4,94,8,8011
2024-08-11,Tobias Barreto,17,0,3,111,8,8014
2024-08-12,Tobias Barreto,9,1,7,120,9,8021
2024-08-13,Tobias Barreto,14,1,8,134,10,8029
2024-08-14,Tobias Barreto,8,0,4,142,10,8033
2024-08-15,Tobias Barreto,3,1,9,145,11,8042
2024-08-16,Tobias Barreto,8,0,0,153,11,8042
2024-08-17,Tobias Barreto,19,0,3,172,11,8045
2024-08-18,Tobias Barreto,4,1,6,176,12,8051
2024-08-19,Tobias Barreto,8,1,9,184,13,8060
2024-08-20,Tobias Barreto,10,1,0,194,14,8060
2024-08-21,Tobias Barreto,6,0,8,200,14,8068
2024-08-22,Tobias Barreto,6,0,3,206,14,8071
2024-08-23,Tobias Barreto,9,1,3,215,15,8074
2024-08-24,Tobias Barreto,6,1,1,221,16,8075
2024-08-25,Tobias Barreto,11,0,5,232,16,8080
2024-08-26,Tobias Barreto,7,0,5,239,16,8085
2024-08-27,Tobias Barreto,13,0,1,252,16,8086
2024-08-28,Tobias Barreto,12,0,2,264,16,8088
2024-08-29,Tobias Barreto,4,0,7,268,16,8095
2024-08-30,Tobias Barreto,14,0,0,282,16,8095
2024-08-31,Tobias Barreto,8,0,4,290,16,8099
2024-09-01,Tobias Barreto,7,1,1,297,17,8100
2024-09-02,Tobias Barreto,7,0,0,304,17,8100
2024-09-03,Tobias Barreto,12,1,5,316,18,8105
2024-09-04,Tobias Barreto,8,1,2,324,19,8107
2024-09-05,Tobias Barreto,12,1,6,336,20,8113
2024-09-06,Tobias Barreto,8,0,5,344,20,8118
2024-09-07,Tobias Barreto,17,1,2,361,21,8120
2024-09-08,Tobias Barreto,10,0,11,371,21,8131
2024-09-09,Tobias Barreto,14,0,7,385,21,8138
2024-09-10,Tobias Barreto,8,1,4,393,22,8142
2024-09-11,Tobias Barreto,12,0,8,405,22,8150
2024-09-12,Tobias Barreto,9,0,1,414,22,8151
2024-09-13,Tobias Barreto,11,1,0,425,23,8151
2024-09-14,Tobias Barreto,7,1,5,432,24,8156
2024-09-15,Tobias Barreto,0,0,2,432,24,8158
2024-09-16,Tobias Barreto,5,0,0,437,24,8158
2024-09-17,Tobias Barreto,8,1,5,445,25,8163
2024-09-18,Tobias Barreto,12,0,8,457,25,8171
2024-09-19,Tobias Barreto,10,1,8,467,26,8179
2024-09-20,Tobias Barreto,6,0,3,473,26,8182
2024-09-21,Tobias Barreto,9,0,1,482,26,8183
2024-09-22,Tobias Barreto,12,1,10,494,27,8193
2024-09-23,Tobias Barreto,10,1,5,504,28,8198
2024-09-24,Tobias Barreto,9,0,0,513,28,8198
2024-09-25,Tobias Barreto,16,1,5,529,29,8203
2024-09-26,Tobias Barreto,11,0,6,540,29,8209
2024-09-27,Tobias Barreto,7,0,8,547,29,8217
2024-09-28,Tobias Barreto,10,1,6,557,30,8223
2024-09-29,Tobias Barreto,17,1,6,574,31,8229
2024-09-30,Tobias Barreto,9,1,3,583,32,8232
2024-10-01,Tobias Barreto,9,0,2,592,32,8234
2024-10-02,Tobias Barreto,9,0,11,601,32,8245
2024-10-03,Tobias Barreto,11,0,6,612,32,8251
2024-10-04,Tobias Barreto,7,1,3,619,33,8254
2024-10-05,Tobias Barreto,2,0,5,621,33,8259
2024-10-06,Tobias Barreto,17,1,4,638,34,8263
2024-10-07,Tobias Barreto,3,1,2,641,35,8265
2024-10-08,Tobias Barreto,8,2,8,649,37,8273
2024-10-09,Tobias Barreto,9,1,3,658,38,8276
2024-10-10,Tobias Barreto,6,1,4,664,39,8280
2024-10-11,Tobias Barreto,9,0,2,673,39,8282
2024-10-12,Tobias Barreto,17,0,9,690,39,8291
2024-10-13,Tobias Barreto,6,0,3,696,39,8294
2024-10-14,Tobias Barreto,3,1,6,699,40,8300
2024-10-15,Tobias Barreto,9,0,3,708,40,8303
2024-10-16,Tobias Barreto,10,0,0,718,40,8303
2024-10-17,Tobias Barreto,5,0,7,723,40,8310
2024-10-18,Tobias Barreto,4,1,2,727,41,8312
2024-10-19,Tobias Barreto,1,0,0,728,41,8312
2024-10-20,Tobias Barreto,7,1,9,735,42,8321
2024-10-21,Tobias Barreto,13,1,0,748,43,8321
2024-10-22,Tobias Barreto,4,0,3,752,43,8324
2024-10-23,Tobias Barreto,9,1,5,761,44,8329
2024-10-24,Tobias Barreto,6,0,6,767,44,8335
2024-10-25,Tobias Barreto,10,0,6,777,44,8341
2024-10-26,Tobias Barreto,19,0,0,796,44,8341
2024-10-27,Tobias Barreto,1,0,7,797,44,8348
2024-10-28,Tobias Barreto,12,0,9,809,44,8357
2024-10-29,Tobias Barreto,17,1,4,826,45,8361
2024-10-30,Tobias Barreto,1,0,10,827,45,8371
2024-10-31,Tobias Barreto,13,1,5,840,46,8376
2024-11-01,Tobias Barreto,7,0,2,847,46,8378
2024-11-02,Tobias Barreto,0,1,10,847,47,8388
2024-11-03,Tobias Barreto,8,0,4,855,47,8392
2024-11-04,Tobias Barreto,15,0,5,870,47,8397
2024-11-05,Tobias Barreto,5,1,0,875,48,8397
2024-11-06,Tobias Barreto,8,2,2,883,50,8399
2024-11-07,Tobias Barreto,3,1,3,886,51,8402
2024-11-08,Tobias Barreto,9,1,7,895,52,8409
2024-11-09,Tobias Barreto,10,1,1,905,53,8410
2024-11-10,Tobias Barreto,8,1,4,913,54,8414
2024-11-11,Tobias Barreto,6,0,6,919,54,8420
2024-11-12,Tobias Barreto,5,0,0,924,54,8420
2024-11-13,Tobias Barreto,16,1,4,940,55,8424
2024-11-14,Tobias Barreto,9,0,9,949,55,8433
2024-11-15,Tobias Barreto,18,1,9,967,56,8442
2024-11-16,Tobias Barreto,2,0,2,969,56,8444
2024-11-17,Tobias Barreto,12,1,1,981,57,8445
2024-11-18,Tobias Barreto,2,0,5,983,57,8450
2024-11-19,Tobias Barreto,18,1,4,1001,58,8454
2024-11-20,Tobias Barreto,7,0,2,1008,58,8456
2024-11-21,Tobias Barreto,12,0,0,1020,58,8456
2024-11-22,Tobias Barreto,7,1,6,1027,59,8462
2024-11-23,Tobias Barreto,10,0,3,1037,59,8465
2024-11-24,Tobias Barreto,11,0,0,1048,59,8465
2024-11-25,Tobias Barreto,4,0,7,1052,59,8472
2024-11-26,Tobias Barreto,3,0,10,1055,59,8482
2024-11-27,Tobias Barreto,2,1,5,1057,60,8487
2024-11-28,Tobias Barreto,8,1,5,1065,61,8492
2024-11-29,Tobias Barreto,9,1,2,1074,62,8494
2024-11-30,Tobias Barreto,12,0,8,1086,62,8502
2024-12-01,Tobias Barreto,7,0,10,1093,62,8512
2024-12-02,Tobias Barreto,9,0,5,1102,62,8517
2024-12-03,Tobias Barreto,12,0,1,1114,62,8518
2024-12-04,Tobias Barreto,3,0,8,1117,62,8526
2024-12-05,Tobias Barreto,13,0,2,1130,62,8528
2024-12-06,Tobias Barreto,23,0,11,1153,62,8539
2024-12-07,Tobias Barreto,5,1,3,1158,63,8542
2024-12-08,Tobias Barreto,6,1,3,1164,64,8545
2024-12-09,Tobias Barreto,20,0,4,1184,64,8549
2024-12-10,Tobias Barreto,11,0,3,1195,64,8552
2024-12-11,Tobias Barreto,14,1,5,1209,65,8557
2024-12-12,Tobias Barreto,15,1,9,1224,66,8566
2024-12-13,Tobias Barreto,9,0,9,1233,66,8575
2024-12-14,Tobias Barreto,16,0,5,1249,66,8580
2024-12-15,Tobias Barreto,7,1,6,1256,67,8586
2024-12-16,Tobias Barreto,19,1,6,1275,68,8592
2024-12-17,Tobias Barreto,5,0,5,1280,68,8597
2024-12-18,Tobias Barreto,6,0,2,1286,68,8599
2024-12-19,Tobias Barreto,7,1,5,1293,69,8604
2024-12-20,Tobias Barreto,19,1,11,1312,70,8615
2024-12-21,Tobias Barreto,11,0,5,1323,70,8620
2024-12-22,Tobias Barreto,9,0,5,1332,70,8625
2024-12-23,Tobias Barreto,16,1,5,1348,71,8630
2024-12-24,Tobias Barreto,8,1,6,1356,72,8636
2024-12-25,Tobias Barreto,9,1,5,1365,73,8641
2024-12-26,Tobias Barreto,12,0,6,1377,73,8647
2024-12-27,Tobias Barreto,11,1,8,1388,74,8655
2024-12-28,Tobias Barreto,7,2,5,1395,76,8660
2024-12-29,Tobias Barreto,6,0,1,1401,76,8661
2024-12-30,Tobias Barreto,14,1,4,1415,77,8665
2024-12-31,Tobias Barreto,6,0,3,1421,77,8668
2025-01-01,Tobias Barreto,12,0,7,1433,77,8675
2025-01-02,Tobias Barreto,7,1,6,1440,78,8681
2025-01-03,Tobias Barreto,10,1,5,1450,79,8686
2025-01-04,Tobias Barreto,17,1,8,1467,80,8694
2025-01-05,Tobias Barreto,12,0,6,1479,80,8700
2025-01-06,Tobias Barreto,13,0,3,1492,80,8703
2025-01-07,Tobias Barreto,19,1,6,1511,81,8709
2025-01-08,Tobias Barreto,8,1,6,1519,82,8715
2025-01-09,Tobias Barreto,17,0,4,1536,82,8719
2025-01-10,Tobias Barreto,13,1,6,1549,83,8725
2025-01-11,Tobias Barreto,1,0,6,1550,83,8731
2025-01-12,Tobias Barreto,13,0,4,1563,83,8735
2025-01-13,Tobias Barreto,8,0,7,1571,83,8742
2025-01-14,Tobias Barreto,13,1,7,1584,84,8749
2025-01-15,Tobias Barreto,2,1,2,1586,85,8751
2025-01-16,Tobias Barreto,18,1,5,1604,86,8756
2025-01-17,Tobias Barreto,5,0,8,1609,86,8764
2025-01-18,Tobias Barreto,10,0,4,1619,86,8768
2025-01-19,Tobias Barreto,12,1,7,1631,87,8775
2025-01-20,Tobias Barreto,7,1,4,1638,88,8779
2025-01-21,Tobias Barreto,5,1,4,1643,89,8783
2025-01-22,Tobias Barreto,6,0,2,1649,89,8785
2025-01-23,Tobias Barreto,12,1,3,1661,90,8788
2025-01-24,Tobias Barreto,13,0,6,1674,90,8794
2025-01-25,Tobias Barreto,9,0,5,1683,90,8799
2025-01-26,Tobias Barreto,7,1,6,1690,91,8805
2025-01-27,Tobias Barreto,1,1,8,1691,92,8813
2025-01-28,Tobias Barreto,13,0,7,1704,92,8820
2025-01-29,Tobias Barreto,7,0,0,1711,92,8820
2025-01-30,Tobias Barreto,11,0,7,1722,92,8827
2025-01-31,Tobias Barreto,14,0,4,1736,92,8831
2025-02-01,Tobias Barreto,20,0,3,1756,92,8834
2025-02-02,Tobias Barreto,3,1,4,1759,93,8838
2025-02-03,Tobias Barreto,9,0,4,1768,93,8842
2025-02-04,Tobias Barreto,14,0,1,1782,93,8843
2025-02-05,Tobias Barreto,9,0,0,1791,93,8843
2025-02-06,Tobias Barreto,10,1,9,1801,94,8852
2025-02-07,Tobias Barreto,11,0,2,1812,94,8854
2025-02-08,Tobias Barreto,6,1,5,1818,95,8859
2025-02-09,Tobias Barreto,7,1,0,1825,96,8859
2025-02-10,Tobias Barreto,11,1,9,1836,97,8868
2025-02-11,Tobias Barreto,5,1,0,1841,98,8868
2025-02-12,Tobias Barreto,1,1,9,1842,99,8877
2025-02-13,Tobias Barreto,1,0,0,1843,99,8877
2025-02-14,Tobias Barreto,11,0,6,1854,99,8883
2025-02-15,Tobias Barreto,16,1,2,1870,100,8885
2025-02-16,Tobias Barreto,8,0,0,1878,100,8885
2025-02-17,Tobias Barreto,2,0,1,1880,100,8886
2025-02-18,Tobias Barreto,7,0,7,1887,100,8893
2025-02-19,Tobias Barreto,13,0,9,1900,100,8902
2025-02-20,Tobias Barreto,13,1,5,1913,101,8907
2025-02-21,Tobias Barreto,19,1,3,1932,102,8910
2025-02-22,Tobias Barreto,6,0,8,1938,102,8918
2025-02-23,Tobias Barreto,12,0,2,1950,102,8920
2025-02-24,Tobias Barreto,19,1,6,1969,103,8926
2025-02-25,Tobias Barreto,14,1,9,1983,104,8935
2025-02-26,Tobias Barreto,10,0,4,1993,104,8939
2025-02-27,Tobias Barreto,16,1,15,2009,105,8954
2025-02-28,Tobias Barreto,3,0,4,2012,105,8958
2025-03-01,Tobias Barreto,10,1,4,2022,106,8962
2025-03-02,Tobias Barreto,1,0,4,2023,106,8966
2025-03-03,Tobias Barreto,7,1,5,2030,107,8971
2025-03-04,Tobias Barreto,10,1,7,2040,108,8978
2025-03-05,Tobias Barreto,12,1,6,2052,109,8984
2025-03-06,Tobias Barreto,11,0,5,2063,109,8989
2025-03-07,Tobias Barreto,10,1,9,2073,110,8998
2025-03-08,Tobias Barreto,12,1,4,2085,111,9002
2025-03-09,Tobias Barreto,12,1,11,2097,112,9013
2025-03-10,Tobias Barreto,18,0,6,2115,112,9019
2025-03-11,Tobias Barreto,25,1,3,2140,113,9022
2025-03-12,Tobias Barreto,7,0,0,2147,113,9022
2025-03-13,Tobias Barreto,18,0,4,2165,113,9026
2025-03-14,Tobias Barreto,13,1,13,2178,114,9039
2025-03-15,Tobias Barreto,10,0,4,2188,114,9043
2025-03-16,Tobias Barreto,14,1,5,2202,115,9048
2025-03-17,Tobias Barreto,10,0,5,2212,115,9053
2025-03-18,Tobias Barreto,10,0,7,2222,115,9060
2025-03-19,Tobias Barreto,4,1,0,2226,116,9060
2025-03-20,Tobias Barreto,12,1,8,2238,117,9068
2025-03-21,Tobias Barreto,0,0,4,2238,117,9072
2025-03-22,Tobias Barreto,4,1,6,2242,118,9078
2025-03-23,Tobias Barreto,0,1,9,2242,119,9087
2025-03-24,Tobias Barreto,7,1,5,2249,120,9092
2025-03-25,Tobias Barreto,20,0,1,2269,120,9093
2025-03-26,Tobias Barreto,1,0,5,2270,120,9098
2025-03-27,Tobias Barreto,7,1,5,2277,121,9103
2025-03-28,Tobias Barreto,9,0,7,2286,121,9110
2025-03-29,Tobias Barreto,0,1,4,2286,122,9114
2025-03-30,Tobias Barreto,4,0,0,2290,122,9114
2025-03-31,Tobias Barreto,2,0,3,2292,122,9117
2025-04-01,Tobias Barreto,11,0,8,2303,122,9125
2025-04-02,Tobias Barreto,10,1,8,2313,123,9133
2025-04-03,Tobias Barreto,1,0,5,2314,123,9138
2025-04-04,Tobias Barreto,4,1,7,2318,124,9145
2025-04-05,Tobias Barreto,10,1,3,2328,125,9148
2025-04-06,Tobias Barreto,7,0,9,2335,125,9157
2025-04-07,Tobias Barreto,11,0,2,2346,125,9159
2025-04-08,Tobias Barreto,6,0,1,2352,125,9160
2025-04-09,Tobias Barreto,19,2,6,2371,127,9166
2025-04-10,Tobias Barreto,7,1,10,2378,128,9176
2025-04-11,Tobias Barreto,10,2,5,2388,130,9181
2025-04-12,Tobias Barreto,13,0,0,2401,130,9181
2025-04-13,Tobias Barreto,8,1,3,2409,131,9184
2025-04-14,Tobias Barreto,8,0,5,2417,131,9189
2025-04-15,Tobias Barreto,11,1,10,2428,132,9199
2025-04-16,Tobias Barreto,5,0,4,2433,132,9203
2025-04-17,Tobias Barreto,12,0,0,2445,132,9203
2025-04-18,Tobias Barreto,11,1,0,2456,133,9203
2025-04-19,Tobias Barreto,4,1,0,2460,134,9203
2025-04-20,Tobias Barreto,10,1,5,2470,135,9208
2025-04-21,Tobias Barreto,9,1,4,2479,136,9212
2025-04-22,Tobias Barreto,5,0,4,2484,136,9216
2025-04-23,Tobias Barreto,11,0,0,2495,136,9216
2025-04-24,Tobias Barreto,9,1,6,2504,137,9222
2025-04-25,Tobias Barreto,4,0,2,2508,137,9224
2025-04-26,Tobias Barreto,11,2,2,2519,139,9226
2025-04-27,Tobias Barreto,13,0,1,2532,139,9227
2025-04-28,Tobias Barreto,2,0,6,2534,139,9233
2025-04-29,Tobias Barreto,10,0,7,2544,139,9240
2025-04-30,Tobias Barreto,3,0,4,2547,139,9244
2025-05-01,Tobias Barreto,4,0,7,2551,139,9251
2025-05-02,Tobias Barreto,25,0,10,2576,139,9261
2025-05-03,Tobias Barreto,9,0,5,2585,139,9266
2025-05-04,Tobias Barreto,7,0,4,2592,139,9270
2025-05-05,Tobias Barreto,17,0,2,2609,139,9272
2025-05-06,Tobias Barreto,5,0,7,2614,139,9279
2025-05-07,Tobias Barreto,7,1,7,2621,140,9286
2025-05-08,Tobias Barreto,10,1,5,2631,141,9291
2025-05-09,Tobias Barreto,6,1,5,2637,142,9296
2025-05-10,Tobias Barreto,10,0,4,2647,142,9300
2025-05-11,Tobias Barreto,10,1,3,2657,143,9303
2025-05-12,Tobias Barreto,16,1,0,2673,144,9303
2025-05-13,Tobias Barreto,10,0,0,2683,144,9303
2025-05-14,Tobias Barreto,12,0,8,2695,144,9311
2025-05-15,Tobias Barreto,10,0,3,2705,144,9314
2025-05-16,Tobias Barreto,9,0,3,2714,144,9317
2025-05-17,Tobias Barreto,16,1,3,2730,145,9320
2025-05-18,Tobias Barreto,12,0,8,2742,145,9328
2025-05-19,Tobias Barreto,14,1,4,2756,146,9332
2025-05-20,Tobias Barreto,14,0,7,2770,146,9339
2025-05-21,Tobias Barreto,22,1,8,2792,147,9347
2025-05-22,Tobias Barreto,19,1,0,2811,148,9347
2025-05-23,Tobias Barreto,11,1,7,2822,149,9354
2025-05-24,Tobias Barreto,10,0,0,2832,149,9354
2025-05-25,Tobias Barreto,17,1,5,2849,150,9359
2025-05-26,Tobias Barreto,14,1,1,2863,151,9360
2025-05-27,Tobias Barreto,7,1,4,2870,152,9364
2025-05-28,Tobias Barreto,8,0,8,2878,152,9372
2025-05-29,Tobias Barreto,19,1,2,2897,153,9374
2025-05-30,Tobias Barreto,6,1,1,2903,154,9375
2025-05-31,Tobias Barreto,10,0,5,2913,154,9380
2025-06-01,Tobias Barreto,3,0,9,2916,154,9389
2025-06-02,Tobias Barreto,15,1,7,2931,155,9396
2025-06-03,Tobias Barreto,21,0,3,2952,155,9399
2025-06-04,Tobias Barreto,9,0,5,2961,155,9404
2025-06-05,Tobias Barreto,11,2,10,2972,157,9414
2025-06-06,Tobias Barreto,15,1,0,2987,158,9414
2025-06-07,Tobias Barreto,15,0,10,3002,158,9424
2025-06-08,Tobias Barreto,7,0,5,3009,158,9429
2025-06-09,Tobias Barreto,15,0,6,3024,158,9435
2025-06-10,Tobias Barreto,0,1,6,3024,159,9441
2025-06-11,Tobias Barreto,6,1,4,3030,160,9445
2025-06-12,Tobias Barreto,14,0,8,3044,160,9453
2025-06-13,Tobias Barreto,10,0,3,3054,160,9456
2025-06-14,Tobias Barreto,11,1,2,3065,161,9458
2025-06-15,Tobias Barreto,2,0,6,3067,161,9464
2025-06-16,Tobias Barreto,8,2,5,3075,163,9469
2025-06-17,Tobias Barreto,2,0,8,3077,163,9477
2025-06-18,Tobias Barreto,7,1,2,3084,164,9479
2025-06-19,Tobias Barreto,6,0,3,3090,164,9482
2025-06-20,Tobias Barreto,7,0,6,3097,164,9488
2025-06-21,Tobias Barreto,8,0,2,3105,164,9490
2025-06-22,Tobias Barreto,13,0,5,3118,164,9495
2025-06-23,Tobias Barreto,7,1,5,3125,165,9500
2025-06-24,Tobias Barreto,11,0,4,3136,165,9504
2025-06-25,Tobias Barreto,11,0,5,3147,165,9509
2025-06-26,Tobias Barreto,9,0,4,3156,165,9513
2025-06-27,Tobias Barreto,4,0,3,3160,165,9516
2025-06-28,Tobias Barreto,7,1,7,3167,166,9523
2025-06-29,Tobias Barreto,2,1,5,3169,167,9528
2025-06-30,Tobias Barreto,18,0,8,3187,167,9536
2025-07-01,Tobias Barreto,8,0,7,3195,167,9543
2025-07-02,Tobias Barreto,16,1,5,3211,168,9548
2025-07-03,Tobias Barreto,4,1,2,3215,169,9550
2025-07-04,Tobias Barreto,6,0,4,3221,169,9554
2025-07-05,Tobias Barreto,10,2,4,3231,171,9558
2025-07-06,Tobias Barreto,2,2,2,3233,173,9560
2025-07-07,Tobias Barreto,8,0,5,3241,173,9565
2025-07-08,Tobias Barreto,14,0,4,3255,173,9569
2025-07-09,Tobias Barreto,13,1,2,3268,174,9571
2025-07-10,Tobias Barreto,13,1,9,3281,175,9580
2025-07-11,Tobias Barreto,10,1,4,3291,176,9584
2025-07-12,Tobias Barreto,10,1,4,3301,177,9588
2025-07-13,Tobias Barreto,4,1,6,3305,178,9594
2025-07-14,Tobias Barreto,5,1,7,3310,179,9601
2025-07-15,Tobias Barreto,22,1,4,3332,180,9605
2025-07-16,Tobias Barreto,9,0,6,3341,180,9611
2025-07-17,Tobias Barreto,19,0,0,3360,180,9611
2025-07-18,Tobias Barreto,7,0,5,3367,180,9616
2025-07-19,Tobias Barreto,10,0,0,3377,180,9616
2025-07-20,Tobias Barreto,5,1,6,3382,181,9622
2025-07-21,Tobias Barreto,10,0,0,3392,181,9622
2025-07-22,Tobias Barreto,14,1,5,3406,182,9627
2025-07-23,Tobias Barreto,5,0,1,3411,182,9628
2025-07-24,Tobias Barreto,16,0,9,3427,182,9637
2025-07-25,Tobias Barreto,0,0,6,3427,182,9643
2025-07-26,Tobias Barreto,11,0,6,3438,182,9649
2025-07-27,Tobias Barreto,6,1,4,3444,183,9653
2025-07-28,Tobias Barreto,11,1,0,3455,184,9653
2025-07-29,Tobias Barreto,10,1,2,3465,185,9655
2025-07-30,Tobias Barreto,12,0,8,3477,185,9663
2025-07-31,Tobias Barreto,6,0,9,3483,185,9672
2024-08-01,Itabaianinha,3,0,5,3,0,6385
2024-08-02,Itabaianinha,16,0,6,19,0,6391
2024-08-03,Itabaianinha,17,1,5,36,1,6396
2024-08-04,Itabaianinha,9,1,12,45,2,6408
2024-08-05,Itabaianinha,22,0,1,67,2,6409
2024-08-06,Itabaianinha,6,0,4,73,2,6413
2024-08-07,Itabaianinha,5,0,3,78,2,6416
2024-08-08,Itabaianinha,22,0,1,100,2,6417
2024-08-09,Itabaianinha,13,1,2,113,3,6419
2024-08-10,Itabaianinha,9,1,6,122,4,6425
2024-08-11,Itabaianinha,13,0,4,135,4,6429
2024-08-12,Itabaianinha,5,1,4,140,5,6433
2024-08-13,Itabaianinha,4,1,6,144,6,6439
2024-08-14,Itabaianinha,9,0,2,153,6,6441
2024-08-15,Itabaianinha,19,1,2,172,7,6443
2024-08-16,Itabaianinha,13,0,9,185,7,6452
2024-08-17,Itabaianinha,12,0,3,197,7,6455
2024-08-18,Itabaianinha,16,0,4,213,7,6459
2024-08-19,Itabaianinha,7,0,5,220,7,6464
2024-08-20,Itabaianinha,11,0,7,231,7,6471
2024-08-21,Itabaianinha,13,1,7,244,8,6478
2024-08-22,Itabaianinha,13,0,8,257,8,6486
2024-08-23,Itabaianinha,3,0,5,260,8,6491
2024-08-24,Itabaianinha,7,1,6,267,9,6497
2024-08-25,Itabaianinha,15,2,4,282,11,6501
2024-08-26,Itabaianinha,2,0,7,284,11,6508
2024-08-27,Itabaianinha,8,0,1,292,11,6509
2024-08-28,Itabaianinha,14,1,3,306,12,6512
2024-08-29,Itabaianinha,8,1,6,314,13,6518
2024-08-30,Itabaianinha,12,1,10,326,14,6528
2024-08-31,Itabaianinha,0,0,11,326,14,6539
2024-09-01,Itabaianinha,11,1,2,337,15,6541
2024-09-02,Itabaianinha,5,1,8,342,16,6549
2024-09-03,Itabaianinha,15,1,7,357,17,6556
2024-09-04,Itabaianinha,11,0,1,368,17,6557
2024-09-05,Itabaianinha,17,1,6,385,18,6563
2024-09-06,Itabaianinha,20,0,2,405,18,6565
2024-09-07,Itabaianinha,4,0,3,409,18,6568
2024-09-08,Itabaianinha,22,1,12,431,19,6580
2024-09-09,Itabaianinha,13,1,9,444,20,6589
2024-09-10,Itabaianinha,13,0,9,457,20,6598
2024-09-11,Itabaianinha,5,0,9,462,20,6607
2024-09-12,Itabaianinha,17,0,5,479,20,6612
2024-09-13,Itabaianinha,10,0,4,489,20,6616
2024-09-14,Itabaianinha,13,0,2,502,20,6618
2024-09-15,Itabaianinha,12,0,6,514,20,6624
2024-09-16,Itabaianinha,13,1,5,527,21,6629
2024-09-17,Itabaianinha,9,0,7,536,21,6636
2024-09-18,Itabaianinha,12,1,2,548,22,6638
2024-09-19,Itabaianinha,15,0,7,563,22,6645
2024-09-20,Itabaianinha,14,0,7,577,22,6652
2024-09-21,Itabaianinha,8,1,4,585,23,6656
2024-09-22,Itabaianinha,10,1,7,595,24,6663
2024-09-23,Itabaianinha,11,1,6,606,25,6669
2024-09-24,Itabaianinha,15,0,8,621,25,6677
2024-09-25,Itabaianinha,3,0,7,624,25,6684
2024-09-26,Itabaianinha,8,1,0,632,26,6684
2024-09-27,Itabaianinha,9,1,6,641,27,6690
2024-09-28,Itabaianinha,14,1,6,655,28,6696
2024-09-29,Itabaianinha,8,0,10,663,28,6706
2024-09-30,Itabaianinha,15,1,3,678,29,6709
2024-10-01,Itabaianinha,6,0,0,684,29,6709
2024-10-02,Itabaianinha,14,1,5,698,30,6714
2024-10-03,Itabaianinha,22,0,5,720,30,6719
2024-10-04,Itabaianinha,5,0,0,725,30,6719
2024-10-05,Itabaianinha,12,1,6,737,31,6725
2024-10-06,Itabaianinha,7,1,4,744,32,6729
2024-10-07,Itabaianinha,21,2,7,765,34,6736
2024-10-08,Itabaianinha,8,0,6,773,34,6742
2024-10-09,Itabaianinha,14,0,5,787,34,6747
2024-10-10,Itabaianinha,4,0,9,791,34,6756
2024-10-11,Itabaianinha,7,1,5,798,35,6761
2024-10-12,Itabaianinha,9,0,6,807,35,6767
2024-10-13,Itabaianinha,11,0,9,818,35,6776
2024-10-14,Itabaianinha,8,1,8,826,36,6784
2024-10-15,Itabaianinha,13,0,0,839,36,6784
2024-10-16,Itabaianinha,8,1,6,847,37,6790
2024-10-17,Itabaianinha,7,0,7,854,37,6797
2024-10-18,Itabaianinha,0,0,5,854,37,6802
2024-10-19,Itabaianinha,9,1,2,863,38,6804
2024-10-20,Itabaianinha,9,1,7,872,39,6811
2024-10-21,Itabaianinha,2,0,4,874,39,6815
2024-10-22,Itabaianinha,8,0,3,882,39,6818
2024-10-23,Itabaianinha,14,1,11,896,40,6829
2024-10-24,Itabaianinha,9,1,3,905,41,6832
2024-10-25,Itabaianinha,3,0,0,908,41,6832
2024-10-26,Itabaianinha,24,0,1,932,41,6833
2024-10-27,Itabaianinha,0,1,1,932,42,6834
2024-10-28,Itabaianinha,15,0,7,947,42,6841
2024-10-29,Itabaianinha,9,1,5,956,43,6846
2024-10-30,Itabaianinha,10,1,6,966,44,6852
2024-10-31,Itabaianinha,10,1,1,976,45,6853
2024-11-01,Itabaianinha,14,1,7,990,46,6860
2024-11-02,Itabaianinha,8,1,8,998,47,6868
2024-11-03,Itabaianinha,10,1,6,1008,48,6874
2024-11-04,Itabaianinha,14,0,5,1022,48,6879
2024-11-05,Itabaianinha,10,0,2,1032,48,6881
2024-11-06,Itabaianinha,8,1,4,1040,49,6885
2024-11-07,Itabaianinha,8,0,8,1048,49,6893
2024-11-08,Itabaianinha,14,1,9,1062,50,6902
2024-11-09,Itabaianinha,12,1,7,1074,51,6909
2024-11-10,Itabaianinha,14,0,7,1088,51,6916
2024-11-11,Itabaianinha,1,1,4,1089,52,6920
2024-11-12,Itabaianinha,10,1,4,1099,53,6924
2024-11-13,Itabaianinha,10,1,5,1109,54,6929
2024-11-14,Itabaianinha,17,0,2,1126,54,6931
2024-11-15,Itabaianinha,12,0,9,1138,54,6940
2024-11-16,Itabaianinha,1,1,6,1139,55,6946
2024-11-17,Itabaianinha,16,1,5,1155,56,6951
2024-11-18,Itabaianinha,16,1,7,1171,57,6958
2024-11-19,Itabaianinha,20,1,5,1191,58,6963
2024-11-20,Itabaianinha,13,0,0,1204,58,6963
2024-11-21,Itabaianinha,4,1,1,1208,59,6964
2024-11-22,Itabaianinha,11,0,7,1219,59,6971
2024-11-23,Itabaianinha,9,0,2,1228,59,6973
2024-11-24,Itabaianinha,13,1,2,1241,60,6975
2024-11-25,Itabaianinha,19,0,3,1260,60,6978
2024-11-26,Itabaianinha,17,2,2,1277,62,6980
2024-11-27,Itabaianinha,5,1,5,1282,63,6985
2024-11-28,Itabaianinha,11,2,4,1293,65,6989
2024-11-29,Itabaianinha,1,0,1,1294,65,6990
2024-11-30,Itabaianinha,10,1,8,1304,66,6998
2024-12-01,Itabaianinha,22,1,8,1326,67,7006
2024-12-02,Itabaianinha,9,0,8,1335,67,7014
2024-12-03,Itabaianinha,0,1,7,1335,68,7021
2024-12-04,Itabaianinha,0,0,9,1335,68,7030
2024-12-05,Itabaianinha,10,0,5,1345,68,7035
2024-12-06,Itabaianinha,6,0,1,1351,68,7036
2024-12-07,Itabaianinha,17,1,4,1368,69,7040
2024-12-08,Itabaianinha,10,1,2,1378,70,7042
2024-12-09,Itabaianinha,5,1,2,1383,71,7044
2024-12-10,Itabaianinha,14,1,2,1397,72,7046
2024-12-11,Itabaianinha,10,0,3,1407,72,7049
2024-12-12,Itabaianinha,10,0,2,1417,72,7051
2024-12-13,Itabaianinha,6,0,6,1423,72,7057
2024-12-14,Itabaianinha,13,0,2,1436,72,7059
2024-12-15,Itabaianinha,9,0,2,1445,72,7061
2024-12-16,Itabaianinha,10,0,3,1455,72,7064
2024-12-17,Itabaianinha,13,0,0,1468,72,7064
2024-12-18,Itabaianinha,12,1,9,1480,73,7073
2024-12-19,Itabaianinha,5,1,5,1485,74,7078
2024-12-20,Itabaianinha,11,1,3,1496,75,7081
2024-12-21,Itabaianinha,9,0,11,1505,75,7092
2024-12-22,Itabaianinha,6,0,0,1511,75,7092
2024-12-23,Itabaianinha,16,1,4,1527,76,7096
2024-12-24,Itabaianinha,7,0,2,1534,76,7098
2024-12-25,Itabaianinha,5,1,5,1539,77,7103
2024-12-26,Itabaianinha,9,0,2,1548,77,7105
2024-12-27,Itabaianinha,9,1,4,1557,78,7109
2024-12-28,Itabaianinha,18,1,4,1575,79,7113
2024-12-29,Itabaianinha,3,1,4,1578,80,7117
2024-12-30,Itabaianinha,9,0,4,1587,80,7121
2024-12-31,Itabaianinha,9,1,8,1596,81,7129
2025-01-01,Itabaianinha,10,0,1,1606,81,7130
2025-01-02,Itabaianinha,9,1,5,1615,82,7135
2025-01-03,Itabaianinha,22,1,10,1637,83,7145
2025-01-04,Itabaianinha,8,1,1,1645,84,7146
2025-01-05,Itabaianinha,9,1,7,1654,85,7153
2025-01-06,Itabaianinha,5,1,2,1659,86,7155
2025-01-07,Itabaianinha,13,0,4,1672,86,7159
2025-01-08,Itabaianinha,15,1,3,1687,87,7162
2025-01-09,Itabaianinha,0,0,8,1687,87,7170
2025-01-10,Itabaianinha,8,0,3,1695,87,7173
2025-01-11,Itabaianinha,8,1,6,1703,88,7179
2025-01-12,Itabaianinha,8,1,8,1711,89,7187
2025-01-13,Itabaianinha,2,1,4,1713,90,7191
2025-01-14,Itabaianinha,21,0,4,1734,90,7195
2025-01-15,Itabaianinha,13,1,6,1747,91,7201
2025-01-16,Itabaianinha,14,1,0,1761,92,7201
2025-01-17,Itabaianinha,10,0,0,1771,92,7201
2025-01-18,Itabaianinha,10,1,10,1781,93,7211
2025-01-19,Itabaianinha,11,0,0,1792,93,7211
2025-01-20,Itabaianinha,11,0,5,1803,93,7216
2025-01-21,Itabaianinha,8,1,8,1811,94,7224
2025-01-22,Itabaianinha,9,1,9,1820,95,7233
2025-01-23,Itabaianinha,10,0,3,1830,95,7236
2025-01-24,Itabaianinha,13,0,3,1843,95,7239
2025-01-25,Itabaianinha,5,1,1,1848,96,7240
2025-01-26,Itabaianinha,11,0,7,1859,96,7247
2025-01-27,Itabaianinha,9,0,1,1868,96,7248
2025-01-28,Itabaianinha,8,1,10,1876,97,7258
2025-01-29,Itabaianinha,3,2,2,1879,99,7260
2025-01-30,Itabaianinha,6,0,0,1885,99,7260
2025-01-31,Itabaianinha,12,1,1,1897,100,7261
2025-02-01,Itabaianinha,9,1,8,1906,101,7269
2025-02-02,Itabaianinha,10,1,6,1916,102,7275
2025-02-03,Itabaianinha,7,0,1,1923,102,7276
2025-02-04,Itabaianinha,8,1,5,1931,103,7281
2025-02-05,Itabaianinha,6,1,8,1937,104,7289
2025-02-06,Itabaianinha,12,1,5,1949,105,7294
2025-02-07,Itabaianinha,12,0,8,1961,105,7302
2025-02-08,Itabaianinha,8,1,5,1969,106,7307
2025-02-09,Itabaianinha,6,1,3,1975,107,7310
2025-02-10,Itabaianinha,15,0,6,1990,107,7316
2025-02-11,Itabaianinha,3,1,6,1993,108,7322
2025-02-12,Itabaianinha,14,0,12,2007,108,7334
2025-02-13,Itabaianinha,10,0,8,2017,108,7342
2025-02-14,Itabaianinha,7,0,0,2024,108,7342
2025-02-15,Itabaianinha,7,0,7,2031,108,7349
2025-02-16,Itabaianinha,9,1,0,2040,109,7349
2025-02-17,Itabaianinha,10,1,2,2050,110,7351
2025-02-18,Itabaianinha,9,0,2,2059,110,7353
2025-02-19,Itabaianinha,14,1,8,2073,111,7361
2025-02-20,Itabaianinha,5,1,2,2078,112,7363
2025-02-21,Itabaianinha,12,1,8,2090,113,7371
2025-02-22,Itabaianinha,8,1,3,2098,114,7374
2025-02-23,Itabaianinha,3,1,1,2101,115,7375
2025-02-24,Itabaianinha,12,1,7,2113,116,7382
2025-02-25,Itabaianinha,6,0,6,2119,116,7388
2025-02-26,Itabaianinha,8,1,6,2127,117,7394
2025-02-27,Itabaianinha,10,1,7,2137,118,7401
2025-02-28,Itabaianinha,8,0,3,2145,118,7404
2025-03-01,Itabaianinha,10,0,5,2155,118,7409
2025-03-02,Itabaianinha,17,1,3,2172,119,7412
2025-03-03,Itabaianinha,12,0,4,2184,119,7416
2025-03-04,Itabaianinha,14,0,4,2198,119,7420
2025-03-05,Itabaianinha,3,0,6,2201,119,7426
2025-03-06,Itabaianinha,2,1,5,2203,120,7431
2025-03-07,Itabaianinha,12,0,4,2215,120,7435
2025-03-08,Itabaianinha,5,0,5,2220,120,7440
2025-03-09,Itabaianinha,10,1,5,2230,121,7445
2025-03-10,Itabaianinha,8,0,5,2238,121,7450
2025-03-11,Itabaianinha,11,0,4,2249,121,7454
2025-03-12,Itabaianinha,19,2,6,2268,123,7460
2025-03-13,Itabaianinha,11,0,3,2279,123,7463
2025-03-14,Itabaianinha,8,1,3,2287,124,7466
2025-03-15,Itabaianinha,15,0,5,2302,124,7471
2025-03-16,Itabaianinha,15,1,11,2317,125,7482
2025-03-17,Itabaianinha,10,1,6,2327,126,7488
2025-03-18,Itabaianinha,10,0,2,2337,126,7490
2025-03-19,Itabaianinha,8,1,7,2345,127,7497
2025-03-20,Itabaianinha,6,0,4,2351,127,7501
2025-03-21,Itabaianinha,8,0,6,2359,127,7507
2025-03-22,Itabaianinha,6,1,7,2365,128,7514
2025-03-23,Itabaianinha,9,1,8,2374,129,7522
2025-03-24,Itabaianinha,11,0,6,2385,129,7528
2025-03-25,Itabaianinha,9,1,0,2394,130,7528
2025-03-26,Itabaianinha,16,0,7,2410,130,7535
2025-03-27,Itabaianinha,0,1,5,2410,131,7540
2025-03-28,Itabaianinha,9,0,4,2419,131,7544
2025-03-29,Itabaianinha,11,0,1,2430,131,7545
2025-03-30,Itabaianinha,9,0,7,2439,131,7552
2025-03-31,Itabaianinha,14,1,7,2453,132,7559
2025-04-01,Itabaianinha,5,0,5,2458,132,7564
2025-04-02,Itabaianinha,10,0,2,2468,132,7566
2025-04-03,Itabaianinha,6,1,7,2474,133,7573
2025-04-04,Itabaianinha,9,0,4,2483,133,7577
2025-04-05,Itabaianinha,8,0,1,2491,133,7578
2025-04-06,Itabaianinha,10,0,0,2501,133,7578
2025-04-07,Itabaianinha,13,1,5,2514,134,7583
2025-04-08,Itabaianinha,3,1,8,2517,135,7591
2025-04-09,Itabaianinha,10,0,7,2527,135,7598
2025-04-10,Itabaianinha,9,0,4,2536,135,7602
2025-04-11,Itabaianinha,8,0,2,2544,135,7604
2025-04-12,Itabaianinha,14,1,10,2558,136,7614
2025-04-13,Itabaianinha,0,0,0,2558,136,7614
2025-04-14,Itabaianinha,1,0,5,2559,136,7619
2025-04-15,Itabaianinha,2,0,5,2561,136,7624
2025-04-16,Itabaianinha,10,0,6,2571,136,7630
2025-04-17,Itabaianinha,8,0,7,2579,136,7637
2025-04-18,Itabaianinha,8,0,4,2587,136,7641
2025-04-19,Itabaianinha,16,1,7,2603,137,7648
2025-04-20,Itabaianinha,15,0,7,2618,137,7655
2025-04-21,Itabaianinha,2,0,0,2620,137,7655
2025-04-22,Itabaianinha,2,0,9,2622,137,7664
2025-04-23,Itabaianinha,14,0,4,2636,137,7668
2025-04-24,Itabaianinha,15,2,0,2651,139,7668
2025-04-25,Itabaianinha,15,0,9,2666,139,7677
2025-04-26,Itabaianinha,6,0,0,2672,139,7677
2025-04-27,Itabaianinha,17,0,6,2689,139,7683
2025-04-28,Itabaianinha,17,0,10,2706,139,7693
2025-04-29,Itabaianinha,6,1,5,2712,140,7698
2025-04-30,Itabaianinha,11,1,7,2723,141,7705
2025-05-01,Itabaianinha,12,0,0,2735,141,7705
2025-05-02,Itabaianinha,13,1,1,2748,142,7706
2025-05-03,Itabaianinha,4,1,4,2752,143,7710
2025-05-04,Itabaianinha,2,0,10,2754,143,7720
2025-05-05,Itabaianinha,12,0,2,2766,143,7722
2025-05-06,Itabaianinha,9,0,3,2775,143,7725
2025-05-07,Itabaianinha,8,1,5,2783,144,7730
2025-05-08,Itabaianinha,5,0,5,2788,144,7735
2025-05-09,Itabaianinha,7,1,2,2795,145,7737
2025-05-10,Itabaianinha,13,1,9,2808,146,7746
2025-05-11,Itabaianinha,6,1,4,2814,147,7750
2025-05-12,Itabaianinha,15,1,10,2829,148,7760
2025-05-13,Itabaianinha,5,1,5,2834,149,7765
2025-05-14,Itabaianinha,5,0,4,2839,149,7769
2025-05-15,Itabaianinha,9,0,1,2848,149,7770
2025-05-16,Itabaianinha,17,1,1,2865,150,7771
2025-05-17,Itabaianinha,0,0,1,2865,150,7772
2025-05-18,Itabaianinha,11,1,5,2876,151,7777
2025-05-19,Itabaianinha,15,0,4,2891,151,7781
2025-05-20,Itabaianinha,13,0,3,2904,151,7784
2025-05-21,Itabaianinha,11,1,8,2915,152,7792
2025-05-22,Itabaianinha,2,0,6,2917,152,7798
2025-05-23,Itabaianinha,5,1,3,2922,153,7801
2025-05-24,Itabaianinha,11,1,5,2933,154,7806
2025-05-25,Itabaianinha,12,1,5,2945,155,7811
2025-05-26,Itabaianinha,7,0,5,2952,155,7816
2025-05-27,Itabaianinha,10,1,7,2962,156,7823
2025-05-28,Itabaianinha,4,0,5,2966,156,7828
2025-05-29,Itabaianinha,21,1,2,2987,157,7830
2025-05-30,Itabaianinha,16,0,5,3003,157,7835
2025-05-31,Itabaianinha,12,1,4,3015,158,7839
2025-06-01,Itabaianinha,18,0,6,3033,158,7845
2025-06-02,Itabaianinha,8,0,3,3041,158,7848
2025-06-03,Itabaianinha,15,1,2,3056,159,7850
2025-06-04,Itabaianinha,14,1,10,3070,160,7860
2025-06-05,Itabaianinha,8,0,5,3078,160,7865
2025-06-06,Itabaianinha,5,0,3,3083,160,7868
2025-06-07,Itabaianinha,12,1,2,3095,161,7870
2025-06-08,Itabaianinha,5,1,6,3100,162,7876
2025-06-09,Itabaianinha,12,1,7,3112,163,7883
2025-06-10,Itabaianinha,24,0,5,3136,163,7888
2025-06-11,Itabaianinha,7,1,7,3143,164,7895
2025-06-12,Itabaianinha,1,1,3,3144,165,7898
2025-06-13,Itabaianinha,8,1,5,3152,166,7903
2025-06-14,Itabaianinha,13,0,6,3165,166,7909
2025-06-15,Itabaianinha,10,0,5,3175,166,7914
2025-06-16,Itabaianinha,15,1,2,3190,167,7916
2025-06-17,Itabaianinha,12,0,3,3202,167,7919
2025-06-18,Itabaianinha,6,1,2,3208,168,7921
2025-06-19,Itabaianinha,10,1,5,3218,169,7926
2025-06-20,Itabaianinha,4,0,7,3222,169,7933
2025-06-21,Itabaianinha,11,1,8,3233,170,7941
2025-06-22,Itabaianinha,16,0,5,3249,170,7946
2025-06-23,Itabaianinha,13,2,3,3262,172,7949
2025-06-24,Itabaianinha,11,1,8,3273,173,7957
2025-06-25,Itabaianinha,14,0,7,3287,173,7964
2025-06-26,Itabaianinha,1,1,6,3288,174,7970
2025-06-27,Itabaianinha,18,0,6,3306,174,7976
2025-06-28,Itabaianinha,0,0,8,3306,174,7984
2025-06-29,Itabaianinha,2,1,1,3308,175,7985
2025-06-30,Itabaianinha,11,0,1,3319,175,7986
2025-07-01,Itabaianinha,14,0,2,3333,175,7988
2025-07-02,Itabaianinha,12,1,2,3345,176,7990
2025-07-03,Itabaianinha,13,0,4,3358,176,7994
2025-07-04,Itabaianinha,6,0,5,3364,176,7999
2025-07-05,Itabaianinha,6,1,4,3370,177,8003
2025-07-06,Itabaianinha,11,1,1,3381,178,8004
2025-07-07,Itabaianinha,13,1,0,3394,179,8004
2025-07-08,Itabaianinha,3,1,8,3397,180,8012
2025-07-09,Itabaianinha,14,0,4,3411,180,8016
2025-07-10,Itabaianinha,6,0,5,3417,180,8021
2025-07-11,Itabaianinha,18,2,6,3435,182,8027
2025-07-12,Itabaianinha,7,1,2,3442,183,8029
2025-07-13,Itabaianinha,14,1,4,3456,184,8033
2025-07-14,Itabaianinha,8,1,5,3464,185,8038
2025-07-15,Itabaianinha,13,1,5,3477,186,8043
2025-07-16,Itabaianinha,5,0,6,3482,186,8049
2025-07-17,Itabaianinha,12,1,5,3494,187,8054
2025-07-18,Itabaianinha,0,0,6,3494,187,8060
2025-07-19,Itabaianinha,13,0,11,3507,187,8071
2025-07-20,Itabaianinha,14,1,5,3521,188,8076
2025-07-21,Itabaianinha,14,1,9,3535,189,8085
2025-07-22,Itabaianinha,3,1,5,3538,190,8090
2025-07-23,Itabaianinha,15,0,4,3553,190,8094
2025-07-24,Itabaianinha,17,1,5,3570,191,8099
2025-07-25,Itabaianinha,10,0,4,3580,191,8103
2025-07-26,Itabaianinha,15,0,3,3595,191,8106
2025-07-27,Itabaianinha,3,0,1,3598,191,8107
2025-07-28,Itabaianinha,23,0,3,3621,191,8110
2025-07-29,Itabaianinha,9,1,5,3630,192,8115
2025-07-30,Itabaianinha,8,0,4,3638,192,8119
2025-07-31,Itabaianinha,16,1,6,3654,193,8125
2024-08-01,Simão Dias,12,0,4,12,0,10395
2024-08-02,Simão Dias,10,1,2,22,1,10397
2024-08-03,Simão Dias,17,0,5,39,1,10402
2024-08-04,Simão Dias,13,0,5,52,1,10407
2024-08-05,Simão Dias,11,0,7,63,1,10414
2024-08-06,Simão Dias,10,1,3,73,2,10417
2024-08-07,Simão Dias,10,0,3,83,2,10420
2024-08-08,Simão Dias,14,1,12,97,3,10432
2024-08-09,Simão Dias,9,0,5,106,3,10437
2024-08-10,Simão Dias,6,0,8,112,3,10445
2024-08-11,Simão Dias,16,1,7,128,4,10452
2024-08-12,Simão Dias,9,0,6,137,4,10458
2024-08-13,Simão Dias,11,0,6,148,4,10464
2024-08-14,Simão Dias,13,1,5,161,5,10469
2024-08-15,Simão Dias,10,1,3,171,6,10472
2024-08-16,Simão Dias,16,1,9,187,7,10481
2024-08-17,Simão Dias,3,1,7,190,8,10488
2024-08-18,Simão Dias,12,0,6,202,8,10494
2024-08-19,Simão Dias,6,1,0,208,9,10494
2024-08-20,Simão Dias,11,0,6,219,9,10500
2024-08-21,Simão Dias,8,0,3,227,9,10503
2024-08-22,Simão Dias,21,0,8,248,9,10511
2024-08-23,Simão Dias,16,0,4,264,9,10515
2024-08-24,Simão Dias,5,2,8,269,11,10523
2024-08-25,Simão Dias,9,1,8,278,12,10531
2024-08-26,Simão Dias,7,0,4,285,12,10535
2024-08-27,Simão Dias,7,2,7,292,14,10542
2024-08-28,Simão Dias,14,1,2,306,15,10544
2024-08-29,Simão Dias,3,1,2,309,16,10546
2024-08-30,Simão Dias,13,1,9,322,17,10555
2024-08-31,Simão Dias,7,1,5,329,18,10560
2024-09-01,Simão Dias,9,2,3,338,20,10563
2024-09-02,Simão Dias,11,1,7,349,21,10570
2024-09-03,Simão Dias,10,1,0,359,22,10570
2024-09-04,Simão Dias,10,0,7,369,22,10577
2024-09-05,Simão Dias,10,0,11,379,22,10588
2024-09-06,Simão Dias,11,1,2,390,23,10590
2024-09-07,Simão Dias,6,0,5,396,23,10595
2024-09-08,Simão Dias,10,1,5,406,24,10600
2024-09-09,Simão Dias,9,1,4,415,25,10604
2024-09-10,Simão Dias,1,1,7,416,26,10611
2024-09-11,Simão Dias,6,0,6,422,26,10617
2024-09-12,Simão Dias,12,0,6,434,26,10623
2024-09-13,Simão Dias,13,1,9,447,27,10632
2024-09-14,Simão Dias,14,1,3,461,28,10635
2024-09-15,Simão Dias,11,1,3,472,29,10638
2024-09-16,Simão Dias,6,0,5,478,29,10643
2024-09-17,Simão Dias,11,1,0,489,30,10643
2024-09-18,Simão Dias,8,1,9,497,31,10652
2024-09-19,Simão Dias,14,1,5,511,32,10657
2024-09-20,Simão Dias,24,0,13,535,32,10670
2024-09-21,Simão Dias,14,0,1,549,32,10671
2024-09-22,Simão Dias,17,0,7,566,32,10678
2024-09-23,Simão Dias,5,0,6,571,32,10684
2024-09-24,Simão Dias,5,1,7,576,33,10691
2024-09-25,Simão Dias,12,1,7,588,34,10698
2024-09-26,Simão Dias,17,0,4,605,34,10702
2024-09-27,Simão Dias,11,1,5,616,35,10707
2024-09-28,Simão Dias,7,1,7,623,36,10714
2024-09-29,Simão Dias,4,0,4,627,36,10718
2024-09-30,Simão Dias,10,0,5,637,36,10723
2024-10-01,Simão Dias,6,0,5,643,36,10728
2024-10-02,Simão Dias,11,1,4,654,37,10732
2024-10-03,Simão Dias,13,0,7,667,37,10739
2024-10-04,Simão Dias,11,0,6,678,37,10745
2024-10-05,Simão Dias,16,1,6,694,38,10751
2024-10-06,Simão Dias,8,1,0,702,39,10751
2024-10-07,Simão Dias,16,1,3,718,40,10754
2024-10-08,Simão Dias,8,0,8,726,40,10762
2024-10-09,Simão Dias,6,0,9,732,40,10771
2024-10-10,Simão Dias,14,1,5,746,41,10776
2024-10-11,Simão Dias,14,1,5,760,42,10781
2024-10-12,Simão Dias,7,1,5,767,43,10786
2024-10-13,Simão Dias,17,0,5,784,43,10791
2024-10-14,Simão Dias,10,1,9,794,44,10800
2024-10-15,Simão Dias,20,1,0,814,45,10800
2024-10-16,Simão Dias,17,0,5,831,45,10805
2024-10-17,Simão Dias,16,0,2,847,45,10807
2024-10-18,Simão Dias,12,1,5,859,46,10812
2024-10-19,Simão Dias,17,1,4,876,47,10816
2024-10-20,Simão Dias,12,0,6,888,47,10822
2024-10-21,Simão Dias,9,0,6,897,47,10828
2024-10-22,Simão Dias,11,0,7,908,47,10835
2024-10-23,Simão Dias,10,0,10,918,47,10845
2024-10-24,Simão Dias,6,1,2,924,48,10847
2024-10-25,Simão Dias,3,0,6,927,48,10853
2024-10-26,Simão Dias,2,0,7,929,48,10860
2024-10-27,Simão Dias,12,1,8,941,49,10868
2024-10-28,Simão Dias,1,0,6,942,49,10874
2024-10-29,Simão Dias,15,0,3,957,49,10877
2024-10-30,Simão Dias,11,0,2,968,49,10879
2024-10-31,Simão Dias,3,0,1,971,49,10880
2024-11-01,Simão Dias,6,1,6,977,50,10886
2024-11-02,Simão Dias,1,1,3,978,51,10889
2024-11-03,Simão Dias,10,1,5,988,52,10894
2024-11-04,Simão Dias,2,1,2,990,53,10896
2024-11-05,Simão Dias,8,0,7,998,53,10903
2024-11-06,Simão Dias,12,0,6,1010,53,10909
2024-11-07,Simão Dias,12,1,0,1022,54,10909
2024-11-08,Simão Dias,16,0,8,1038,54,10917
2024-11-09,Simão Dias,7,1,7,1045,55,10924
2024-11-10,Simão Dias,6,1,4,1051,56,10928
2024-11-11,Simão Dias,1,0,13,1052,56,10941
2024-11-12,Simão Dias,14,1,5,1066,57,10946
2024-11-13,Simão Dias,4,1,5,1070,58,10951
2024-11-14,Simão Dias,5,0,1,1075,58,10952
2024-11-15,Simão Dias,8,1,10,1083,59,10962
2024-11-16,Simão Dias,14,0,0,1097,59,10962
2024-11-17,Simão Dias,6,0,4,1103,59,10966
2024-11-18,Simão Dias,8,1,7,1111,60,10973
2024-11-19,Simão Dias,14,1,8,1125,61,10981
2024-11-20,Simão Dias,7,0,6,1132,61,10987
2024-11-21,Simão Dias,18,1,9,1150,62,10996
2024-11-22,Simão Dias,11,0,3,1161,62,10999
2024-11-23,Simão Dias,4,1,1,1165,63,11000
2024-11-24,Simão Dias,6,1,6,1171,64,11006
2024-11-25,Simão Dias,6,1,0,1177,65,11006
2024-11-26,Simão Dias,17,0,8,1194,65,11014
2024-11-27,Simão Dias,18,0,6,1212,65,11020
2024-11-28,Simão Dias,10,1,7,1222,66,11027
2024-11-29,Simão Dias,9,0,6,1231,66,11033
2024-11-30,Simão Dias,11,0,5,1242,66,11038
2024-12-01,Simão Dias,5,0,7,1247,66,11045
2024-12-02,Simão Dias,8,0,1,1255,66,11046
2024-12-03,Simão Dias,4,1,7,1259,67,11053
2024-12-04,Simão Dias,9,1,1,1268,68,11054
2024-12-05,Simão Dias,0,0,7,1268,68,11061
2024-12-06,Simão Dias,4,0,12,1272,68,11073
2024-12-07,Simão Dias,7,1,0,1279,69,11073
2024-12-08,Simão Dias,2,1,7,1281,70,11080
2024-12-09,Simão Dias,9,1,6,1290,71,11086
2024-12-10,Simão Dias,0,1,10,1290,72,11096
2024-12-11,Simão Dias,13,0,9,1303,72,11105
2024-12-12,Simão Dias,0,1,5,1303,73,11110
2024-12-13,Simão Dias,2,0,2,1305,73,11112
2024-12-14,Simão Dias,3,1,6,1308,74,11118
2024-12-15,Simão Dias,8,0,1,1316,74,11119
2024-12-16,Simão Dias,9,0,7,1325,74,11126
2024-12-17,Simão Dias,21,1,7,1346,75,11133
2024-12-18,Simão Dias,5,0,2,1351,75,11135
2024-12-19,Simão Dias,15,1,6,1366,76,11141
2024-12-20,Simão Dias,6,1,4,1372,77,11145
2024-12-21,Simão Dias,9,1,4,1381,78,11149
2024-12-22,Simão Dias,18,0,6,1399,78,11155
2024-12-23,Simão Dias,7,0,5,1406,78,11160
2024-12-24,Simão Dias,10,2,3,1416,80,11163
2024-12-25,Simão Dias,7,0,8,1423,80,11171
2024-12-26,Simão Dias,12,1,8,1435,81,11179
2024-12-27,Simão Dias,1,0,2,1436,81,11181
2024-12-28,Simão Dias,3,1,6,1439,82,11187
2024-12-29,Simão Dias,11,0,11,1450,82,11198
2024-12-30,Simão Dias,11,1,6,1461,83,11204
2024-12-31,Simão Dias,14,1,3,1475,84,11207
2025-01-01,Simão Dias,2,1,7,1477,85,11214
2025-01-02,Simão Dias,16,1,10,1493,86,11224
2025-01-03,Simão Dias,9,1,3,1502,87,11227
2025-01-04,Simão Dias,13,0,0,1515,87,11227
2025-01-05,Simão Dias,8,0,2,1523,87,11229
2025-01-06,Simão Dias,5,1,5,1528,88,11234
2025-01-07,Simão Dias,13,0,3,1541,88,11237
2025-01-08,Simão Dias,7,0,4,1548,88,11241
2025-01-09,Simão Dias,7,1,0,1555,89,11241
2025-01-10,Simão Dias,12,0,5,1567,89,11246
2025-01-11,Simão Dias,16,1,3,1583,90,11249
2025-01-12,Simão Dias,17,1,8,1600,91,11257
2025-01-13,Simão Dias,6,0,8,1606,91,11265
2025-01-14,Simão Dias,5,1,4,1611,92,11269
2025-01-15,Simão Dias,5,1,2,1616,93,11271
2025-01-16,Simão Dias,3,2,3,1619,95,11274
2025-01-17,Simão Dias,11,1,5,1630,96,11279
2025-01-18,Simão Dias,18,0,1,1648,96,11280
2025-01-19,Simão Dias,14,1,2,1662,97,11282
2025-01-20,Simão Dias,10,1,2,1672,98,11284
2025-01-21,Simão Dias,15,0,4,1687,98,11288
2025-01-22,Simão Dias,19,0,7,1706,98,11295
2025-01-23,Simão Dias,9,1,3,1715,99,11298
2025-01-24,Simão Dias,6,0,0,1721,99,11298
2025-01-25,Simão Dias,2,0,0,1723,99,11298
2025-01-26,Simão Dias,8,1,1,1731,100,11299
2025-01-27,Simão Dias,12,1,8,1743,101,11307
2025-01-28,Simão Dias,7,0,5,1750,101,11312
2025-01-29,Simão Dias,9,0,7,1759,101,11319
2025-01-30,Simão Dias,10,1,6,1769,102,11325
2025-01-31,Simão Dias,11,0,5,1780,102,11330
2025-02-01,Simão Dias,10,0,4,1790,102,11334
2025-02-02,Simão Dias,4,1,4,1794,103,11338
2025-02-03,Simão Dias,15,1,9,1809,104,11347
2025-02-04,Simão Dias,3,1,3,1812,105,11350
2025-02-05,Simão Dias,5,1,1,1817,106,11351
2025-02-06,Simão Dias,15,1,9,1832,107,11360
2025-02-07,Simão Dias,11,1,3,1843,108,11363
2025-02-08,Simão Dias,8,1,4,1851,109,11367
2025-02-09,Simão Dias,11,1,3,1862,110,11370
2025-02-10,Simão Dias,14,1,0,1876,111,11370
2025-02-11,Simão Dias,10,1,5,1886,112,11375
2025-02-12,Simão Dias,2,1,2,1888,113,11377
2025-02-13,Simão Dias,0,1,4,1888,114,11381
2025-02-14,Simão Dias,19,1,7,1907,115,11388
2025-02-15,Simão Dias,10,0,8,1917,115,11396
2025-02-16,Simão Dias,11,1,1,1928,116,11397
2025-02-17,Simão Dias,7,0,4,1935,116,11401
2025-02-18,Simão Dias,16,0,2,1951,116,11403
2025-02-19,Simão Dias,6,1,2,1957,117,11405
2025-02-20,Simão Dias,9,0,8,1966,117,11413
2025-02-21,Simão Dias,4,0,6,1970,117,11419
2025-02-22,Simão Dias,18,0,5,1988,117,11424
2025-02-23,Simão Dias,11,0,0,1999,117,11424
2025-02-24,Simão Dias,17,0,2,2016,117,11426
2025-02-25,Simão Dias,1,2,2,2017,119,11428
2025-02-26,Simão Dias,4,1,3,2021,120,11431
2025-02-27,Simão Dias,11,0,5,2032,120,11436
2025-02-28,Simão Dias,7,0,6,2039,120,11442
2025-03-01,Simão Dias,12,0,10,2051,120,11452
2025-03-02,Simão Dias,0,1,5,2051,121,11457
2025-03-03,Simão Dias,10,1,0,2061,122,11457
2025-03-04,Simão Dias,15,0,4,2076,122,11461
2025-03-05,Simão Dias,11,0,3,2087,122,11464
2025-03-06,Simão Dias,3,1,2,2090,123,11466
2025-03-07,Simão Dias,7,0,7,2097,123,11473
2025-03-08,Simão Dias,16,1,6,2113,124,11479
2025-03-09,Simão Dias,5,0,10,2118,124,11489
2025-03-10,Simão Dias,11,1,1,2129,125,11490
2025-03-11,Simão Dias,16,1,13,2145,126,11503
2025-03-12,Simão Dias,14,0,6,2159,126,11509
2025-03-13,Simão Dias,14,2,4,2173,128,11513
2025-03-14,Simão Dias,14,0,0,2187,128,11513
2025-03-15,Simão Dias,9,0,5,2196,128,11518
2025-03-16,Simão Dias,18,2,5,2214,130,11523
2025-03-17,Simão Dias,8,0,4,2222,130,11527
2025-03-18,Simão Dias,9,0,3,2231,130,11530
2025-03-19,Simão Dias,11,0,3,2242,130,11533
2025-03-20,Simão Dias,16,0,3,2258,130,11536
2025-03-21,Simão Dias,17,2,2,2275,132,11538
2025-03-22,Simão Dias,8,0,5,2283,132,11543
2025-03-23,Simão Dias,3,1,0,2286,133,11543
2025-03-24,Simão Dias,9,0,1,2295,133,11544
2025-03-25,Simão Dias,10,0,1,2305,133,11545
2025-03-26,Simão Dias,7,1,7,2312,134,11552
2025-03-27,Simão Dias,10,0,1,2322,134,11553
2025-03-28,Simão Dias,13,0,4,2335,134,11557
2025-03-29,Simão Dias,9,0,0,2344,134,11557
2025-03-30,Simão Dias,6,1,0,2350,135,11557
2025-03-31,Simão Dias,11,1,9,2361,136,11566
2025-04-01,Simão Dias,10,0,7,2371,136,11573
2025-04-02,Simão Dias,8,0,0,2379,136,11573
2025-04-03,Simão Dias,5,0,1,2384,136,11574
2025-04-04,Simão Dias,6,0,6,2390,136,11580
2025-04-05,Simão Dias,11,0,7,2401,136,11587
2025-04-06,Simão Dias,4,0,5,2405,136,11592
2025-04-07,Simão Dias,13,1,0,2418,137,11592
2025-04-08,Simão Dias,12,1,3,2430,138,11595
2025-04-09,Simão Dias,6,1,9,2436,139,11604
2025-04-10,Simão Dias,13,1,0,2449,140,11604
2025-04-11,Simão Dias,6,1,4,2455,141,11608
2025-04-12,Simão Dias,8,1,8,2463,142,11616
2025-04-13,Simão Dias,17,1,0,2480,143,11616
2025-04-14,Simão Dias,11,0,4,2491,143,11620
2025-04-15,Simão Dias,11,1,8,2502,144,11628
2025-04-16,Simão Dias,5,1,6,2507,145,11634
2025-04-17,Simão Dias,10,1,7,2517,146,11641
2025-04-18,Simão Dias,7,1,9,2524,147,11650
2025-04-19,Simão Dias,18,1,3,2542,148,11653
2025-04-20,Simão Dias,9,0,5,2551,148,11658
2025-04-21,Simão Dias,4,1,2,2555,149,11660
2025-04-22,Simão Dias,13,1,10,2568,150,11670
2025-04-23,Simão Dias,20,0,8,2588,150,11678
2025-04-24,Simão Dias,5,1,4,2593,151,11682
2025-04-25,Simão Dias,17,2,5,2610,153,11687
2025-04-26,Simão Dias,10,1,2,2620,154,11689
2025-04-27,Simão Dias,7,1,7,2627,155,11696
2025-04-28,Simão Dias,11,0,0,2638,155,11696
2025-04-29,Simão Dias,10,0,3,2648,155,11699
2025-04-30,Simão Dias,5,0,2,2653,155,11701
2025-05-01,Simão Dias,9,1,3,2662,156,11704
2025-05-02,Simão Dias,8,0,2,2670,156,11706
2025-05-03,Simão Dias,13,0,5,2683,156,11711
2025-05-04,Simão Dias,10,0,4,2693,156,11715
2025-05-05,Simão Dias,15,0,10,2708,156,11725
2025-05-06,Simão Dias,15,1,5,2723,157,11730
2025-05-07,Simão Dias,9,0,0,2732,157,11730
2025-05-08,Simão Dias,1,0,7,2733,157,11737
2025-05-09,Simão Dias,11,0,6,2744,157,11743
2025-05-10,Simão Dias,11,0,0,2755,157,11743
2025-05-11,Simão Dias,8,1,6,2763,158,11749
2025-05-12,Simão Dias,7,0,6,2770,158,11755
2025-05-13,Simão Dias,3,1,7,2773,159,11762
2025-05-14,Simão Dias,7,1,2,2780,160,11764
2025-05-15,Simão Dias,11,0,3,2791,160,11767
2025-05-16,Simão Dias,21,0,2,2812,160,11769
2025-05-17,Simão Dias,0,0,0,2812,160,11769
2025-05-18,Simão Dias,9,1,7,2821,161,11776
2025-05-19,Simão Dias,19,0,7,2840,161,11783
2025-05-20,Simão Dias,12,1,6,2852,162,11789
2025-05-21,Simão Dias,12,0,3,2864,162,11792
2025-05-22,Simão Dias,13,1,3,2877,163,11795
2025-05-23,Simão Dias,16,0,0,2893,163,11795
2025-05-24,Simão Dias,9,1,5,2902,164,11800
2025-05-25,Simão Dias,15,1,8,2917,165,11808
2025-05-26,Simão Dias,14,0,12,2931,165,11820
2025-05-27,Simão Dias,4,1,8,2935,166,11828
2025-05-28,Simão Dias,10,1,3,2945,167,11831
2025-05-29,Simão Dias,7,0,3,2952,167,11834
2025-05-30,Simão Dias,16,0,4,2968,167,11838
2025-05-31,Simão Dias,4,1,5,2972,168,11843
2025-06-01,Simão Dias,15,0,5,2987,168,11848
2025-06-02,Simão Dias,9,0,0,2996,168,11848
2025-06-03,Simão Dias,11,0,7,3007,168,11855
2025-06-04,Simão Dias,20,1,5,3027,169,11860
2025-06-05,Simão Dias,14,0,5,3041,169,11865
2025-06-06,Simão Dias,2,0,7,3043,169,11872
2025-06-07,Simão Dias,12,0,0,3055,169,11872
2025-06-08,Simão Dias,11,0,4,3066,169,11876
2025-06-09,Simão Dias,6,1,11,3072,170,11887
2025-06-10,Simão Dias,11,0,4,3083,170,11891
2025-06-11,Simão Dias,13,1,8,3096,171,11899
2025-06-12,Simão Dias,7,0,6,3103,171,11905
2025-06-13,Simão Dias,15,0,6,3118,171,11911
2025-06-14,Simão Dias,16,1,2,3134,172,11913
2025-06-15,Simão Dias,11,1,0,3145,173,11913
2025-06-16,Simão Dias,3,1,4,3148,174,11917
2025-06-17,Simão Dias,14,0,4,3162,174,11921
2025-06-18,Simão Dias,14,0,7,3176,174,11928
2025-06-19,Simão Dias,10,0,6,3186,174,11934
2025-06-20,Simão Dias,16,1,0,3202,175,11934
2025-06-21,Simão Dias,7,1,9,3209,176,11943
2025-06-22,Simão Dias,8,0,7,3217,176,11950
2025-06-23,Simão Dias,12,0,9,3229,176,11959
2025-06-24,Simão Dias,4,0,2,3233,176,11961
2025-06-25,Simão Dias,3,1,3,3236,177,11964
2025-06-26,Simão Dias,5,1,8,3241,178,11972
2025-06-27,Simão Dias,11,1,5,3252,179,11977
2025-06-28,Simão Dias,15,1,1,3267,180,11978
2025-06-29,Simão Dias,9,0,6,3276,180,11984
2025-06-30,Simão Dias,11,1,0,3287,181,11984
2025-07-01,Simão Dias,7,0,9,3294,181,11993
2025-07-02,Simão Dias,0,2,4,3294,183,11997
2025-07-03,Simão Dias,6,0,1,3300,183,11998
2025-07-04,Simão Dias,12,1,7,3312,184,12005
2025-07-05,Simão Dias,11,0,7,3323,184,12012
2025-07-06,Simão Dias,3,1,0,3326,185,12012
2025-07-07,Simão Dias,11,1,4,3337,186,12016
2025-07-08,Simão Dias,3,0,4,3340,186,12020
2025-07-09,Simão Dias,10,0,7,3350,186,12027
2025-07-10,Simão Dias,4,0,6,3354,186,12033
2025-07-11,Simão Dias,5,1,7,3359,187,12040
2025-07-12,Simão Dias,7,0,6,3366,187,12046
2025-07-13,Simão Dias,12,0,4,3378,187,12050
2025-07-14,Simão Dias,8,1,2,3386,188,12052
2025-07-15,Simão Dias,3,1,8,3389,189,12060
2025-07-16,Simão Dias,13,0,6,3402,189,12066
2025-07-17,Simão Dias,14,0,11,3416,189,12077
2025-07-18,Simão Dias,9,0,2,3425,189,12079
2025-07-19,Simão Dias,14,0,1,3439,189,12080
2025-07-20,Simão Dias,7,1,3,3446,190,12083
2025-07-21,Simão Dias,13,1,7,3459,191,12090
2025-07-22,Simão Dias,11,0,8,3470,191,12098
2025-07-23,Simão Dias,4,1,0,3474,192,12098
2025-07-24,Simão Dias,1,1,10,3475,193,12108
2025-07-25,Simão Dias,8,0,8,3483,193,12116
2025-07-26,Simão Dias,2,1,10,3485,194,12126
2025-07-27,Simão Dias,7,0,7,3492,194,12133
2025-07-28,Simão Dias,13,1,3,3505,195,12136
2025-07-29,Simão Dias,7,1,4,3512,196,12140
2025-07-30,Simão Dias,2,0,5,3514,196,12145
2025-07-31,Simão Dias,12,0,4,3526,196,12149
2024-08-01,Propriá,3,0,4,3,0,11039
2024-08-02,Propriá,3,1,0,6,1,11039
2024-08-03,Propriá,8,1,8,14,2,11047
2024-08-04,Propriá,11,1,2,25,3,11049
2024-08-05,Propriá,12,0,7,37,3,11056
2024-08-06,Propriá,11,2,0,48,5,11056
2024-08-07,Propriá,9,2,5,57,7,11061
2024-08-08,Propriá,16,0,4,73,7,11065
2024-08-09,Propriá,9,0,8,82,7,11073
2024-08-10,Propriá,15,0,0,97,7,11073
2024-08-11,Propriá,8,1,5,105,8,11078
2024-08-12,Propriá,19,0,5,124,8,11083
2024-08-13,Propriá,4,1,6,128,9,11089
2024-08-14,Propriá,11,0,6,139,9,11095
2024-08-15,Propriá,5,0,7,144,9,11102
2024-08-16,Propriá,11,1,11,155,10,11113
2024-08-17,Propriá,5,0,2,160,10,11115
2024-08-18,Propriá,16,0,4,176,10,11119
2024-08-19,Propriá,10,1,0,186,11,11119
2024-08-20,Propriá,0,1,7,186,12,11126
2024-08-21,Propriá,18,1,5,204,13,11131
2024-08-22,Propriá,17,1,8,221,14,11139
2024-08-23,Propriá,9,0,6,230,14,11145
2024-08-24,Propriá,10,0,5,240,14,11150
2024-08-25,Propriá,11,1,1,251,15,11151
2024-08-26,Propriá,17,1,7,268,16,11158
2024-08-27,Propriá,17,1,1,285,17,11159
2024-08-28,Propriá,7,1,9,292,18,11168
2024-08-29,Propriá,19,1,0,311,19,11168
2024-08-30,Propriá,8,1,7,319,20,11175
2024-08-31,Propriá,13,1,8,332,21,11183
2024-09-01,Propriá,10,1,10,342,22,11193
2024-09-02,Propriá,4,0,3,346,22,11196
2024-09-03,Propriá,16,1,1,362,23,11197
2024-09-04,Propriá,6,1,3,368,24,11200
2024-09-05,Propriá,5,1,8,373,25,11208
2024-09-06,Propriá,9,1,12,382,26,11220
2024-09-07,Propriá,6,0,1,388,26,11221
2024-09-08,Propriá,5,0,0,393,26,11221
2024-09-09,Propriá,9,0,0,402,26,11221
2024-09-10,Propriá,16,1,4,418,27,11225
2024-09-11,Propriá,7,1,0,425,28,11225
2024-09-12,Propriá,4,1,4,429,29,11229
2024-09-13,Propriá,11,0,4,440,29,11233
2024-09-14,Propriá,7,0,13,447,29,11246
2024-09-15,Propriá,8,1,8,455,30,11254
2024-09-16,Propriá,8,1,3,463,31,11257
2024-09-17,Propriá,9,0,3,472,31,11260
2024-09-18,Propriá,16,1,7,488,32,11267
2024-09-19,Propriá,9,1,13,497,33,11280
2024-09-20,Propriá,15,1,0,512,34,11280
2024-09-21,Propriá,7,2,1,519,36,11281
2024-09-22,Propriá,7,1,6,526,37,11287
2024-09-23,Propriá,6,0,12,532,37,11299
2024-09-24,Propriá,10,1,0,542,38,11299
2024-09-25,Propriá,10,1,5,552,39,11304
2024-09-26,Propriá,9,0,2,561,39,11306
2024-09-27,Propriá,11,0,6,572,39,11312
2024-09-28,Propriá,10,1,4,582,40,11316
2024-09-29,Propriá,15,0,3,597,40,11319
2024-09-30,Propriá,11,1,5,608,41,11324
2024-10-01,Propriá,16,1,5,624,42,11329
2024-10-02,Propriá,15,0,7,639,42,11336
2024-10-03,Propriá,6,1,4,645,43,11340
2024-10-04,Propriá,0,0,0,645,43,11340
2024-10-05,Propriá,0,1,1,645,44,11341
2024-10-06,Propriá,7,1,7,652,45,11348
2024-10-07,Propriá,10,0,4,662,45,11352
2024-10-08,Propriá,0,0,2,662,45,11354
2024-10-09,Propriá,10,1,3,672,46,11357
2024-10-10,Propriá,8,1,9,680,47,11366
2024-10-11,Propriá,3,1,3,683,48,11369
2024-10-12,Propriá,9,0,3,692,48,11372
2024-10-13,Propriá,6,1,4,698,49,11376
2024-10-14,Propriá,11,0,9,709,49,11385
2024-10-15,Propriá,14,1,10,723,50,11395
2024-10-16,Propriá,0,0,7,723,50,11402
2024-10-17,Propriá,8,0,6,731,50,11408
2024-10-18,Propriá,9,1,2,740,51,11410
2024-10-19,Propriá,11,0,6,751,51,11416
2024-10-20,Propriá,3,1,2,754,52,11418
2024-10-21,Propriá,12,1,0,766,53,11418
2024-10-22,Propriá,8,0,7,774,53,11425
2024-10-23,Propriá,3,1,11,777,54,11436
2024-10-24,Propriá,5,0,7,782,54,11443
2024-10-25,Propriá,4,1,10,786,55,11453
2024-10-26,Propriá,0,0,3,786,55,11456
2024-10-27,Propriá,6,1,5,792,56,11461
2024-10-28,Propriá,8,1,7,800,57,11468
2024-10-29,Propriá,18,0,3,818,57,11471
2024-10-30,Propriá,0,1,1,818,58,11472
2024-10-31,Propriá,10,1,6,828,59,11478
2024-11-01,Propriá,5,0,4,833,59,11482
2024-11-02,Propriá,6,0,1,839,59,11483
2024-11-03,Propriá,15,1,5,854,60,11488
2024-11-04,Propriá,6,0,5,860,60,11493
2024-11-05,Propriá,13,0,8,873,60,11501
2024-11-06,Propriá,9,1,8,882,61,11509
2024-11-07,Propriá,10,0,9,892,61,11518
2024-11-08,Propriá,5,1,0,897,62,11518
2024-11-09,Propriá,3,1,5,900,63,11523
2024-11-10,Propriá,6,1,5,906,64,11528
2024-11-11,Propriá,5,1,5,911,65,11533
2024-11-12,Propriá,15,0,6,926,65,11539
2024-11-13,Propriá,17,1,6,943,66,11545
2024-11-14,Propriá,15,1,9,958,67,11554
2024-11-15,Propriá,12,1,7,970,68,11561
2024-11-16,Propriá,10,1,3,980,69,11564
2024-11-17,Propriá,13,0,4,993,69,11568
2024-11-18,Propriá,14,0,0,1007,69,11568
2024-11-19,Propriá,4,0,11,1011,69,11579
2024-11-20,Propriá,14,0,2,1025,69,11581
2024-11-21,Propriá,1,0,7,1026,69,11588
2024-11-22,Propriá,0,0,4,1026,69,11592
2024-11-23,Propriá,11,1,8,1037,70,11600
2024-11-24,Propriá,17,1,0,1054,71,11600
2024-11-25,Propriá,7,0,0,1061,71,11600
2024-11-26,Propriá,4,1,5,1065,72,11605
2024-11-27,Propriá,15,1,7,1080,73,11612
2024-11-28,Propriá,13,1,4,1093,74,11616
2024-11-29,Propriá,15,0,2,1108,74,11618
2024-11-30,Propriá,9,1,5,1117,75,11623
2024-12-01,Propriá,2,1,4,1119,76,11627
2024-12-02,Propriá,15,1,1,1134,77,11628
2024-12-03,Propriá,13,0,3,1147,77,11631
2024-12-04,Propriá,4,0,2,1151,77,11633
2024-12-05,Propriá,0,0,6,1151,77,11639
2024-12-06,Propriá,18,0,7,1169,77,11646
2024-12-07,Propriá,15,0,8,1184,77,11654
2024-12-08,Propriá,12,0,8,1196,77,11662
2024-12-09,Propriá,14,1,6,1210,78,11668
2024-12-10,Propriá,16,0,0,1226,78,11668
2024-12-11,Propriá,12,1,5,1238,79,11673
2024-12-12,Propriá,10,0,5,1248,79,11678
2024-12-13,Propriá,19,0,7,1267,79,11685
2024-12-14,Propriá,1,0,8,1268,79,11693
2024-12-15,Propriá,5,0,8,1273,79,11701
2024-12-16,Propriá,13,0,3,1286,79,11704
2024-12-17,Propriá,10,1,2,1296,80,11706
2024-12-18,Propriá,11,0,4,1307,80,11710
2024-12-19,Propriá,12,0,9,1319,80,11719
2024-12-20,Propriá,12,1,8,1331,81,11727
2024-12-21,Propriá,9,1,4,1340,82,11731
2024-12-22,Propriá,9,0,7,1349,82,11738
2024-12-23,Propriá,21,1,11,1370,83,11749
2024-12-24,Propriá,17,1,0,1387,84,11749
2024-12-25,Propriá,12,0,9,1399,84,11758
2024-12-26,Propriá,4,1,5,1403,85,11763
2024-12-27,Propriá,13,0,5,1416,85,11768
2024-12-28,Propriá,20,1,0,1436,86,11768
2024-12-29,Propriá,11,1,2,1447,87,11770
2024-12-30,Propriá,9,1,2,1456,88,11772
2024-12-31,Propriá,4,0,8,1460,88,11780
2025-01-01,Propriá,2,0,6,1462,88,11786
2025-01-02,Propriá,9,1,10,1471,89,11796
2025-01-03,Propriá,12,1,3,1483,90,11799
2025-01-04,Propriá,7,1,3,1490,91,11802
2025-01-05,Propriá,9,0,6,1499,91,11808
2025-01-06,Propriá,16,1,7,1515,92,11815
2025-01-07,Propriá,3,0,11,1518,92,11826
2025-01-08,Propriá,11,1,3,1529,93,11829
2025-01-09,Propriá,7,0,0,1536,93,11829
2025-01-10,Propriá,8,0,6,1544,93,11835
2025-01-11,Propriá,5,0,2,1549,93,11837
2025-01-12,Propriá,14,1,6,1563,94,11843
2025-01-13,Propriá,7,1,2,1570,95,11845
2025-01-14,Propriá,7,1,10,1577,96,11855
2025-01-15,Propriá,4,0,5,1581,96,11860
2025-01-16,Propriá,8,0,7,1589,96,11867
2025-01-17,Propriá,4,1,9,1593,97,11876
2025-01-18,Propriá,15,1,2,1608,98,11878
2025-01-19,Propriá,8,1,12,1616,99,11890
2025-01-20,Propriá,0,0,1,1616,99,11891
2025-01-21,Propriá,6,2,10,1622,101,11901
2025-01-22,Propriá,8,0,6,1630,101,11907
2025-01-23,Propriá,7,0,4,1637,101,11911
2025-01-24,Propriá,15,1,5,1652,102,11916
2025-01-25,Propriá,0,0,2,1652,102,11918
2025-01-26,Propriá,10,1,7,1662,103,11925
2025-01-27,Propriá,10,1,7,1672,104,11932
2025-01-28,Propriá,4,1,5,1676,105,11937
2025-01-29,Propriá,13,1,0,1689,106,11937
2025-01-30,Propriá,9,0,0,1698,106,11937
2025-01-31,Propriá,9,0,8,1707,106,11945
2025-02-01,Propriá,9,0,4,1716,106,11949
2025-02-02,Propriá,6,1,3,1722,107,11952
2025-02-03,Propriá,9,1,7,1731,108,11959
2025-02-04,Propriá,10,1,7,1741,109,11966
2025-02-05,Propriá,13,1,1,1754,110,11967
2025-02-06,Propriá,11,0,1,1765,110,11968
2025-02-07,Propriá,0,0,3,1765,110,11971
2025-02-08,Propriá,8,0,6,1773,110,11977
2025-02-09,Propriá,14,0,4,1787,110,11981
2025-02-10,Propriá,1,0,9,1788,110,11990
2025-02-11,Propriá,12,1,3,1800,111,11993
2025-02-12,Propriá,4,1,3,1804,112,11996
2025-02-13,Propriá,3,1,4,1807,113,12000
2025-02-14,Propriá,13,0,0,1820,113,12000
2025-02-15,Propriá,13,0,6,1833,113,12006
2025-02-16,Propriá,8,1,7,1841,114,12013
2025-02-17,Propriá,1,0,8,1842,114,12021
2025-02-18,Propriá,17,1,4,1859,115,12025
2025-02-19,Propriá,12,1,10,1871,116,12035
2025-02-20,Propriá,6,0,1,1877,116,12036
2025-02-21,Propriá,3,1,6,1880,117,12042
2025-02-22,Propriá,3,0,6,1883,117,12048
2025-02-23,Propriá,9,1,5,1892,118,12053
2025-02-24,Propriá,8,0,9,1900,118,12062
2025-02-25,Propriá,7,1,8,1907,119,12070
2025-02-26,Propriá,10,0,2,1917,119,12072
2025-02-27,Propriá,5,1,0,1922,120,12072
2025-02-28,Propriá,13,1,8,1935,121,12080
2025-03-01,Propriá,5,1,6,1940,122,12086
2025-03-02,Propriá,10,0,1,1950,122,12087
2025-03-03,Propriá,15,0,7,1965,122,12094
2025-03-04,Propriá,1,0,1,1966,122,12095
2025-03-05,Propriá,0,0,5,1966,122,12100
2025-03-06,Propriá,6,0,6,1972,122,12106
2025-03-07,Propriá,12,1,8,1984,123,12114
2025-03-08,Propriá,13,1,3,1997,124,12117
2025-03-09,Propriá,7,1,8,2004,125,12125
2025-03-10,Propriá,8,1,3,2012,126,12128
2025-03-11,Propriá,9,1,7,2021,127,12135
2025-03-12,Propriá,18,1,5,2039,128,12140
2025-03-13,Propriá,8,0,4,2047,128,12144
2025-03-14,Propriá,13,1,8,2060,129,12152
2025-03-15,Propriá,9,0,6,2069,129,12158
2025-03-16,Propriá,4,1,8,2073,130,12166
2025-03-17,Propriá,7,0,2,2080,130,12168
2025-03-18,Propriá,8,0,10,2088,130,12178
2025-03-19,Propriá,12,0,7,2100,130,12185
2025-03-20,Propriá,13,1,0,2113,131,12185
2025-03-21,Propriá,8,0,8,2121,131,12193
2025-03-22,Propriá,13,1,5,2134,132,12198
2025-03-23,Propriá,7,0,6,2141,132,12204
2025-03-24,Propriá,17,1,7,2158,133,12211
2025-03-25,Propriá,7,0,1,2165,133,12212
2025-03-26,Propriá,8,0,1,2173,133,12213
2025-03-27,Propriá,8,1,1,2181,134,12214
2025-03-28,Propriá,8,1,7,2189,135,12221
2025-03-29,Propriá,15,0,7,2204,135,12228
2025-03-30,Propriá,7,2,0,2211,137,12228
2025-03-31,Propriá,13,1,4,2224,138,12232
2025-04-01,Propriá,13,0,8,2237,138,12240
2025-04-02,Propriá,11,0,3,2248,138,12243
2025-04-03,Propriá,15,0,0,2263,138,12243
2025-04-04,Propriá,11,0,10,2274,138,12253
2025-04-05,Propriá,15,1,7,2289,139,12260
2025-04-06,Propriá,14,1,4,2303,140,12264
2025-04-07,Propriá,7,1,0,2310,141,12264
2025-04-08,Propriá,5,0,6,2315,141,12270
2025-04-09,Propriá,13,0,5,2328,141,12275
2025-04-10,Propriá,17,1,7,2345,142,12282
2025-04-11,Propriá,15,1,2,2360,143,12284
2025-04-12,Propriá,12,0,8,2372,143,12292
2025-04-13,Propriá,11,1,1,2383,144,12293
2025-04-14,Propriá,4,1,7,2387,145,12300
2025-04-15,Propriá,12,1,5,2399,146,12305
2025-04-16,Propriá,2,2,6,2401,148,12311
2025-04-17,Propriá,4,1,7,2405,149,12318
2025-04-18,Propriá,10,0,3,2415,149,12321
2025-04-19,Propriá,13,1,7,2428,150,12328
2025-04-20,Propriá,16,1,4,2444,151,12332
2025-04-21,Propriá,0,0,2,2444,151,12334
2025-04-22,Propriá,17,1,4,2461,152,12338
2025-04-23,Propriá,3,1,3,2464,153,12341
2025-04-24,Propriá,5,0,6,2469,153,12347
2025-04-25,Propriá,9,0,9,2478,153,12356
2025-04-26,Propriá,15,1,2,2493,154,12358
2025-04-27,Propriá,6,1,3,2499,155,12361
2025-04-28,Propriá,6,2,5,2505,157,12366
2025-04-29,Propriá,14,1,6,2519,158,12372
2025-04-30,Propriá,12,0,3,2531,158,12375
2025-05-01,Propriá,7,0,6,2538,158,12381
2025-05-02,Propriá,9,0,3,2547,158,12384
2025-05-03,Propriá,0,0,1,2547,158,12385
2025-05-04,Propriá,3,1,4,2550,159,12389
2025-05-05,Propriá,11,1,8,2561,160,12397
2025-05-06,Propriá,10,0,3,2571,160,12400
2025-05-07,Propriá,18,1,9,2589,161,12409
2025-05-08,Propriá,0,0,5,2589,161,12414
2025-05-09,Propriá,15,0,9,2604,161,12423
2025-05-10,Propriá,0,0,3,2604,161,12426
2025-05-11,Propriá,12,1,6,2616,162,12432
2025-05-12,Propriá,7,0,2,2623,162,12434
2025-05-13,Propriá,10,1,7,2633,163,12441
2025-05-14,Propriá,11,1,4,2644,164,12445
2025-05-15,Propriá,6,1,0,2650,165,12445
2025-05-16,Propriá,10,1,5,2660,166,12450
2025-05-17,Propriá,15,0,6,2675,166,12456
2025-05-18,Propriá,6,1,4,2681,167,12460
2025-05-19,Propriá,0,0,4,2681,167,12464
2025-05-20,Propriá,9,1,6,2690,168,12470
2025-05-21,Propriá,7,0,5,2697,168,12475
2025-05-22,Propriá,7,1,5,2704,169,12480
2025-05-23,Propriá,5,1,4,2709,170,12484
2025-05-24,Propriá,3,0,2,2712,170,12486
2025-05-25,Propriá,11,1,6,2723,171,12492
2025-05-26,Propriá,8,1,6,2731,172,12498
2025-05-27,Propriá,7,0,2,2738,172,12500
2025-05-28,Propriá,3,0,10,2741,172,12510
2025-05-29,Propriá,15,1,6,2756,173,12516
2025-05-30,Propriá,7,0,6,2763,173,12522
2025-05-31,Propriá,13,1,8,2776,174,12530
2025-06-01,Propriá,18,1,4,2794,175,12534
2025-06-02,Propriá,5,0,6,2799,175,12540
2025-06-03,Propriá,11,1,5,2810,176,12545
2025-06-04,Propriá,11,1,2,2821,177,12547
2025-06-05,Propriá,15,0,9,2836,177,12556
2025-06-06,Propriá,12,0,6,2848,177,12562
2025-06-07,Propriá,8,0,8,2856,177,12570
2025-06-08,Propriá,11,1,3,2867,178,12573
2025-06-09,Propriá,9,1,6,2876,179,12579
2025-06-10,Propriá,16,0,0,2892,179,12579
2025-06-11,Propriá,15,0,8,2907,179,12587
2025-06-12,Propriá,7,0,8,2914,179,12595
2025-06-13,Propriá,20,0,4,2934,179,12599
2025-06-14,Propriá,16,1,4,2950,180,12603
2025-06-15,Propriá,13,0,5,2963,180,12608
2025-06-16,Propriá,11,2,8,2974,182,12616
2025-06-17,Propriá,21,0,7,2995,182,12623
2025-06-18,Propriá,4,1,2,2999,183,12625
2025-06-19,Propriá,11,0,0,3010,183,12625
2025-06-20,Propriá,10,1,4,3020,184,12629
2025-06-21,Propriá,10,0,9,3030,184,12638
2025-06-22,Propriá,12,0,5,3042,184,12643
2025-06-23,Propriá,9,1,9,3051,185,12652
2025-06-24,Propriá,9,0,6,3060,185,12658
2025-06-25,Propriá,11,1,8,3071,186,12666
2025-06-26,Propriá,7,1,4,3078,187,12670
2025-06-27,Propriá,4,1,3,3082,188,12673
2025-06-28,Propriá,10,1,3,3092,189,12676
2025-06-29,Propriá,5,0,10,3097,189,12686
2025-06-30,Propriá,14,1,4,3111,190,12690
2025-07-01,Propriá,10,1,3,3121,191,12693
2025-07-02,Propriá,14,1,10,3135,192,12703
2025-07-03,Propriá,8,0,2,3143,192,12705
2025-07-04,Propriá,5,1,5,3148,193,12710
2025-07-05,Propriá,9,1,3,3157,194,12713
2025-07-06,Propriá,9,1,4,3166,195,12717
2025-07-07,Propriá,8,0,2,3174,195,12719
2025-07-08,Propriá,8,1,5,3182,196,12724
2025-07-09,Propriá,9,1,10,3191,197,12734
2025-07-10,Propriá,0,0,4,3191,197,12738
2025-07-11,Propriá,12,0,10,3203,197,12748
2025-07-12,Propriá,6,0,4,3209,197,12752
2025-07-13,Propriá,21,0,8,3230,197,12760
2025-07-14,Propriá,13,0,7,3243,197,12767
2025-07-15,Propriá,12,1,2,3255,198,12769
2025-07-16,Propriá,13,0,5,3268,198,12774
2025-07-17,Propriá,18,0,1,3286,198,12775
2025-07-18,Propriá,8,1,5,3294,199,12780
2025-07-19,Propriá,6,1,5,3300,200,12785
2025-07-20,Propriá,13,1,7,3313,201,12792
2025-07-21,Propriá,15,1,2,3328,202,12794
2025-07-22,Propriá,15,1,9,3343,203,12803
2025-07-23,Propriá,0,0,0,3343,203,12803
2025-07-24,Propriá,0,0,4,3343,203,12807
2025-07-25,Propriá,15,0,6,3358,203,12813
2025-07-26,Propriá,8,0,1,3366,203,12814
2025-07-27,Propriá,3,0,10,3369,203,12824
2025-07-28,Propriá,6,1,9,3375,204,12833
2025-07-29,Propriá,9,0,5,3384,204,12838
2025-07-30,Propriá,17,0,5,3401,204,12843
2025-07-31,Propriá,9,0,2,3410,204,12845
